2000
-1 -1
700.369 361.423
-1 -1
773.002 374.277
876.269 232.428
864.02 402.928
948.435 268.739
-1 -1
-1 -1
-1 -1
1065.34 375.019
-1 -1
-1 -1
-1 -1
-1 -1
1137.89 692.055
1126.69 580.453
1184.94 756.008
1136.13 620.152
1230.56 778.666
1146.66 652.414
1280.07 770.599
1174.58 679.67
1329.09 749.201
1202.79 707.296
1361.12 707.224
1227.99 706.265
1374.83 664.355
1253.21 697.333
1371.92 599.892
1283.53 689.5
1351.66 545.996
1295.78 681.686
1314.94 518.993
1269.04 677.527
1258.95 512.925
-1 -1
1182.01 526.377
1125.93 713.217
1113.5 549.56
1071.35 722.836
1066.82 573.013
1031.8 701.438
1033.1 593.214
-1 -1
-1 -1
1013.82 511.775
1010.9 553.575
1032.94 416.98
1019.96 511.395
1040.99 337.673
1022.46 476.666
-1 -1
1018.95 447.405
1050.79 244.533
1024 422.101
1070.16 248.845
1042.37 412.509
1095.01 276.3
1070.84 424.857
1122.92 319.006
1110.08 462.326
1159.03 349.063
1152.44 494.529
1200.07 366.05
1200.92 514.011
1248.95 395.86
1262.22 543.801
1294 436.923
1324.96 587.028
1328.44 474.63
1372.46 623.644
1348.08 497.157
1399.68 639.438
1361.1 515.991
1414.54 640.932
1367.44 531.189
1416.41 629.994
1362.95 538.08
1398.48 606.864
1352.55 538.097
-1 -1
-1 -1
-1 -1
1331.42 519.129
-1 -1
1326.06 497.475
1267.97 465.427
1324.47 486.508
1249.03 426.39
1322 484.955
1238 396.513
1314.3 503.316
1231.8 388.016
1327.49 531.539
1235.47 415.919
1363.57 542.349
1248.42 445.12
1404.94 499.033
1262.09 463.674
1433.83 403.887
1300.3 468.056
-1 -1
1341.46 435.518
-1 -1
1364 394.985
-1 -1
1365.07 360.956
1246.73 214.507
1338.97 337.031
1168.96 249.153
1280.98 348.913
1113.02 301.953
1233.09 387.032
1069.55 361.306
1195.07 434.467
1048.87 406.528
1172.65 479.938
1043.93 440.607
1160.59 523.863
1047.5 458.99
1145.59 557.009
1054.86 468.389
1114.99 579.435
1050.42 480.894
1065.15 591.637
1031.54 488.031
1000.52 585.509
990.105 483.553
920.954 558.401
943.307 466.901
845.927 512.464
903.025 452.412
786.959 458.544
872.518 437.113
749.673 404.026
858.395 427.038
744.49 350.997
864.445 421.862
772.493 314.155
909.453 427.987
831.013 312.506
976.322 450.062
-1 -1
-1 -1
-1 -1
1163.37 440.783
1051.47 423.343
1205.94 437.347
1103.3 442.187
1211.9 404.724
1109.84 463.377
1203.46 338.919
1125.06 448.463
-1 -1
-1 -1
-1 -1
1138.32 336.83
-1 -1
1128.45 316.115
1031.4 215.043
1097.51 333.019
992.455 257.012
1055.95 372.405
951.285 284.596
1007.46 402.964
905.937 304.448
960.94 422.493
863.481 326.976
911.046 447.495
823.842 356.506
859.516 477.998
790.006 385.451
810.353 507.84
770.676 409.016
764.709 531.549
751.366 436.974
712.796 555.624
723.855 458.339
-1 -1
703.704 465.894
611.53 563.086
677.997 462.444
560.454 536.826
654.413 472.012
515.883 501.295
623.942 503.585
-1 -1
605.998 532.578
497.191 458.753
598.571 564.044
540.99 451.636
631.103 576.549
-1 -1
-1 -1
668.145 464.188
-1 -1
-1 -1
-1 -1
-1 -1
-1 -1
-1 -1
904.169 422.506
-1 -1
916.006 345.382
903.542 433.524
918.504 280.865
916.652 402.95
923.528 254.957
924.881 388.492
932.86 267.721
932.491 392.939
932.495 290.929
935.012 405.478
912.964 328.56
927.777 407.504
-1 -1
907.957 410.646
839.062 417.087
875.083 441.022
792.036 460.992
832.637 473.8
749.421 496.355
-1 -1
710.061 511.986
-1 -1
672.055 524.036
-1 -1
635.489 543.838
635.685 629.274
585.004 579.001
-1 -1
-1 -1
-1 -1
-1 -1
-1 -1
-1 -1
-1 -1
550.665 614.425
477.877 757.989
581.599 606.082
-1 -1
619.239 616.075
-1 -1
660.133 629.047
-1 -1
699.728 635.644
-1 -1
730.169 655.686
-1 -1
756.378 684.362
-1 -1
-1 -1
824.433 708.498
-1 -1
823.199 694.775
695.875 750.752
804.82 697.843
-1 -1
762.067 686.051
-1 -1
704.965 676.92
-1 -1
651.627 667.436
-1 -1
595.112 649.013
-1 -1
543.023 598.819
-1 -1
-1 -1
-1 -1
-1 -1
-1 -1
-1 -1
-1 -1
-1 -1
-1 -1
-1 -1
784.464 316.811
637.075 370.116
880.967 390.014
725.425 411.432
-1 -1
-1 -1
973.671 518.138
-1 -1
986.383 574.671
824.363 597.243
982.928 615.905
-1 -1
970.391 634.01
-1 -1
949.509 634.452
-1 -1
-1 -1
-1 -1
-1 -1
-1 -1
-1 -1
-1 -1
-1 -1
-1 -1
-1 -1
-1 -1
-1 -1
-1 -1
1092.47 751.371
-1 -1
1106.52 791.513
-1 -1
1138.07 816.452
1246.79 684.647
1159.07 817.017
1243.47 669.252
1196.97 801.265
1257.22 642.019
1251.24 761.189
1272.71 592.078
1290.14 687.227
1287.39 518.736
1297.03 597.558
1290.06 432.815
1297.09 500.123
1279.27 341.91
1287.15 403.829
-1 -1
-1 -1
-1 -1
1209.38 323.576
1142.92 223.12
1143.34 352.234
1080.28 263.546
-1 -1
-1 -1
-1 -1
-1 -1
-1 -1
-1 -1
1035.01 708.981
996.204 568.151
1040.75 730.736
1005.58 555.179
1051.21 690.427
1025.01 509.443
1074.32 618.142
1058.14 496.46
1116.89 579.354
1102.75 526.285
1175.48 628.009
1152.54 563.843
1244.89 669.188
1212.68 625.177
1307.35 714.335
-1 -1
-1 -1
-1 -1
1349.69 683.614
1376.72 754.227
1331.2 631.841
1369.96 723.986
1311.86 569.696
1353.15 675.149
1307.76 524.429
1347.19 624.857
1312.42 505.317
1347.19 580.618
1317.06 507.92
-1 -1
-1 -1
-1 -1
1289.09 510.781
1287.51 447.809
1258.01 509.526
1245.58 410.995
1225.57 512.939
1204.52 379.006
1199.07 519.523
1174.54 376.044
1188.94 542.521
1164.7 401.064
1205.81 584.578
-1 -1
1261.99 643.912
1225.97 502.041
1348.22 690.742
1290.02 547.059
1458.47 689.941
1355.43 556.169
1561.49 626.504
1404 550.028
1614.41 539.729
1439.91 535.741
-1 -1
1452.17 516.767
1575.31 417.939
-1 -1
1520.27 418.949
-1 -1
1450.85 370.75
1303.87 425.253
-1 -1
1255.57 370.241
-1 -1
1214.02 330.922
-1 -1
1161.05 310.871
1219.99 236.963
1108.4 316.106
1171.71 309.323
1061.52 351.051
1120.95 369.566
1028.51 418.898
-1 -1
992.328 470.943
1034.11 500.467
944.39 493.037
977.325 548.99
888.939 472.157
914.985 553.612
844.357 445.512
864.066 542.29
820.95 418.621
842.711 523.031
834.348 400.054
863.376 503.041
-1 -1
-1 -1
1002.2 418.728
-1 -1
-1 -1
-1 -1
1174.52 472.712
-1 -1
1238.75 501.099
1208.83 620.961
1290.34 513.928
1279.07 619.61
1333.52 506.032
1338.07 578.398
1348.07 471.341
1362.37 509.907
1318.04 447.463
1343.46 453.983
1274.79 429.141
1308.05 427.491
1231.12 413.712
1277.38 392.996
1188.67 436.056
1237.52 389.9
1148.52 457.785
-1 -1
1095.41 483.002
-1 -1
1022.16 513.545
1045.54 489.659
946.354 543.987
986.005 516.573
881.69 572.972
922.05 530.969
813.012 584.583
854.094 539.361
739.558 584.968
786.464 552.172
667.411 581.745
728.442 568.064
606.483 580.089
674.039 585.944
-1 -1
613.504 605.466
-1 -1
-1 -1
-1 -1
-1 -1
-1 -1
-1 -1
-1 -1
-1 -1
-1 -1
-1 -1
-1 -1
-1 -1
573.023 325.972
557.1 400.979
-1 -1
-1 -1
-1 -1
-1 -1
-1 -1
-1 -1
-1 -1
-1 -1
-1 -1
739.48 549.34
-1 -1
-1 -1
-1 -1
-1 -1
-1 -1
-1 -1
740.904 426.489
-1 -1
735.665 426.012
731.383 304.029
737.087 439.534
733.542 338.102
730.959 467.434
722.032 390.951
-1 -1
698.026 457
-1 -1
672.825 508.64
-1 -1
658.503 557.057
590.495 691.59
648.219 583.137
581.947 653.589
630.465 592.749
-1 -1
598.659 622.364
594.634 505.698
-1 -1
592.957 504.635
-1 -1
-1 -1
-1 -1
-1 -1
-1 -1
-1 -1
-1 -1
-1 -1
-1 -1
-1 -1
-1 -1
-1 -1
-1 -1
-1 -1
-1 -1
-1 -1
-1 -1
-1 -1
-1 -1
-1 -1
-1 -1
-1 -1
-1 -1
569.469 301.787
-1 -1
623.692 369.013
-1 -1
661.112 436.278
-1 -1
693.404 510.872
-1 -1
-1 -1
-1 -1
739.069 647.89
-1 -1
-1 -1
-1 -1
-1 -1
-1 -1
915.6 797.527
-1 -1
995.385 818.999
-1 -1
1064.11 809.13
-1 -1
1134.21 777.367
-1 -1
1193.9 728.591
-1 -1
1231.86 654.87
-1 -1
1259.46 576.473
-1 -1
1287.66 502.981
1131.12 411.128
-1 -1
1152.49 351.245
-1 -1
1199.99 302.15
-1 -1
1275.9 283.481
1311.27 444.696
1331.95 292.882
1324.83 460.206
1347.98 305.4
1347.22 472.081
1347.82 318.069
1396.85 471.91
1343.39 331.443
1450.83 444.337
1345.16 338.782
1485.95 400.989
1344.22 367.501
-1 -1
1350.19 395.471
-1 -1
1360.46 413.193
-1 -1
1359.15 431.957
1408.89 283.114
1333.84 453.892
1346.02 301.986
1284.31 473.335
1265.31 329.751
1229.57 510.588
1205.51 368.891
1179.4 560.441
1152.91 419.405
1142.06 607.977
1117.92 462.215
1134.14 644.632
1110.83 495.212
1141.21 669.878
1118.71 500.144
1152.72 649.465
1123.74 481.833
1174.06 573.644
1128.93 465.133
1205.05 494.104
1142.41 410.688
-1 -1
1156.54 359.145
-1 -1
1167.43 322.097
-1 -1
1168.85 296.503
-1 -1
1162.34 292.627
1187.88 156.842
1148.36 322.776
1173.41 213.56
1137.27 363.812
1166.99 271.971
1142.92 415.082
1176.94 335.273
1155.95 457.61
-1 -1
1179.95 485.566
1255.02 479.411
1204.89 516.443
1295.44 518.114
1227.11 532.628
1298.85 546.5
1214.61 529.979
1257.36 546.016
-1 -1
1201.11 524.596
1122.91 498.62
1165.97 511.377
1083.73 447.797
1149.96 488.57
1062.96 425.374
1151.52 467.968
1055.35 440.923
1177.53 432.076
1083.12 481.57
1195.03 404.012
1128.39 512.125
1214.12 386.886
1172.05 520.672
1211.03 359.942
1205.01 509.172
1188.46 328.608
1220.06 480.041
1143.18 312.54
1208.33 454.635
1067.94 328.064
1165.96 448.05
993.963 371.102
1107.13 471.817
946.107 411.922
-1 -1
897.445 452.114
966.501 580.127
858.425 474.029
903.998 603.682
812.974 489.517
839.543 614.201
752.424 478.912
770.785 600.584
697.321 441.079
691.406 558.05
662.434 396.098
619.972 494.51
-1 -1
581.663 429.005
-1 -1
-1 -1
-1 -1
-1 -1
744.969 280.426
-1 -1
788.444 285.988
-1 -1
840.926 291.736
695.035 299.695
900.455 302.821
758.19 322.504
940.012 311.495
809.249 355.407
954.033 351.551
830.776 403.73
955.399 420.06
834.535 458.171
941.499 461.092
829.014 508.536
915.372 481.925
807.373 526.995
878.17 485.37
775.111 521.415
844.458 485.855
747.604 511.005
819.286 486.721
725.937 512.599
792.006 485.064
696.771 514.446
752.558 497.123
-1 -1
710.399 508.959
600.647 566.885
684.392 514.046
574.41 586.088
669.51 479.129
591.199 593.677
669.289 455.131
621.101 584.421
686.068 430.507
655.575 564.068
701.979 402.573
693.354 533.908
721.481 387.88
716.489 517.79
734.884 354.495
-1 -1
-1 -1
746.464 430.864
-1 -1
-1 -1
-1 -1
742.94 318.322
-1 -1
731.623 316.84
-1 -1
709.506 333.663
-1 -1
677.505 377.446
-1 -1
655.39 432.678
616.409 352.156
638.732 494.432
615.102 398.881
623.645 547.543
627.002 449.106
607.973 609.049
630.997 490.092
601.008 649.999
624.283 511.502
592.456 667.335
615.966 514.029
589.841 662.871
612.609 510.043
594.667 652.822
611.909 505.995
616.218 617.096
604.035 498.972
635.467 583.861
-1 -1
645.871 546.384
-1 -1
622.011 535.976
-1 -1
-1 -1
-1 -1
-1 -1
-1 -1
-1 -1
-1 -1
-1 -1
-1 -1
-1 -1
-1 -1
-1 -1
-1 -1
-1 -1
618.362 389.311
526.026 502.787
-1 -1
-1 -1
836.58 552.594
722.071 647.436
-1 -1
816.156 727.408
1013.53 660.432
911.471 788.497
1093.35 656.032
1011.44 807.226
1168.3 627.152
1107.49 792.363
1208.63 575.144
1225.97 753.043
1224.14 515.495
-1 -1
1225.91 457.956
1361 564.132
1230.91 402.442
-1 -1
1222.44 339.904
-1 -1
1184.48 281.664
-1 -1
-1 -1
-1 -1
1070.24 251.302
-1 -1
1005 307.131
-1 -1
-1 -1
1003.98 228.196
-1 -1
935.024 303.843
789.279 494.132
891.956 354.871
729.339 442.357
867.7 370.725
-1 -1
858.024 364.434
774.91 286.524
864.415 364.856
-1 -1
-1 -1
-1 -1
902.573 466.971
-1 -1
-1 -1
960.545 451.222
-1 -1
1015.95 499.983
-1 -1
1076.33 528.638
1147.99 648.023
1139.86 516.61
1206.02 642.035
1195 482.999
1259.04 600.965
1239.01 430.979
1308.2 526.564
1272.54 373.484
1341.9 456.009
1278.03 333.02
1351.17 387.859
1262.52 321.385
1336.27 325.262
1238.93 335.153
1301.21 302.001
1211 384.934
1258.45 323.447
-1 -1
1222.32 387.209
1206.43 551.162
1202.14 461.009
1252.35 610.669
-1 -1
1303.16 665.113
-1 -1
1338.92 658.469
1261.25 625.474
-1 -1
1289.65 626.975
1380.85 532.628
1301.46 600.967
1394.47 552.348
1303.97 595.998
1390.36 591.203
-1 -1
1390.02 605.998
1312.93 631.602
1408.38 615.581
1313.05 594.549
1427.92 615.07
1324.99 568.435
1432.78 630.368
1328.59 571.02
1433.57 653.083
1326.51 583.987
1432.46 640.983
1320.23 578.644
1415.08 574.636
1298.63 522.071
1398.12 467.931
1276.5 435.166
-1 -1
1272.93 333.536
-1 -1
-1 -1
-1 -1
-1 -1
-1 -1
1286.53 208.039
1432.94 294.003
1281.36 306.05
1421.55 378.531
-1 -1
1403.52 436.014
-1 -1
1338.48 439.132
1267.93 556.423
-1 -1
1227.53 564.005
1179.91 427.412
-1 -1
1127.55 434.937
1071.89 552.484
1069.39 442.905
983.879 536.506
1002.11 441.351
900.09 512.408
947.068 439.517
831.419 488.821
908.479 466.018
775.066 460.439
876.495 509.004
748.981 446.357
871.581 551.937
759.643 464.095
-1 -1
-1 -1
-1 -1
-1 -1
-1 -1
-1 -1
1102.1 600.359
-1 -1
1133.65 569.042
1037.44 604.893
1127.99 532.573
1038.15 602.449
1088.09 486.705
1010.01 586.983
1037.96 453.492
973.99 566.995
967.539 423.896
932.419 549.968
879.006 405.465
867.393 535.185
802.531 399.027
781.472 532.046
739.803 402.532
707.486 537.004
682.801 409.582
661.079 547.558
684.811 442.504
605.392 567.182
690.933 463.502
593.612 576.988
714.605 494.909
586.765 549.363
716.003 484.342
588.688 529.388
705.007 509.949
577.549 526.193
694.155 534.469
577.735 522.406
703.325 534.064
604.58 489.65
741.175 512.425
662.869 459.265
781.919 504.221
732.26 438.17
820.595 503.029
782.099 467.126
826.862 530.419
-1 -1
-1 -1
-1 -1
806.026 544.253
-1 -1
-1 -1
-1 -1
776.62 476.063
803.538 550.947
-1 -1
-1 -1
-1 -1
-1 -1
-1 -1
-1 -1
-1 -1
-1 -1
-1 -1
-1 -1
-1 -1
776.505 259.021
-1 -1
-1 -1
-1 -1
-1 -1
798.24 498.194
-1 -1
757.161 537.802
792.997 627.306
741.076 554.597
802.032 608.48
-1 -1
831.493 576.078
-1 -1
865.047 564.532
-1 -1
914.105 558.005
-1 -1
-1 -1
-1 -1
-1 -1
876.138 812.941
968.998 683.034
852.982 823.048
959.726 704.509
831.376 823.514
944.224 705.96
798.066 764.552
922.073 666.998
820.844 702.628
945.671 612.706
838.066 635.545
980.001 595.014
872.035 590.945
1017.92 616.811
886.097 623.21
1038.61 638.013
-1 -1
1041.41 667.958
876.563 699.811
1041.04 666.038
874.987 664.071
1039.15 616.349
857.264 562.453
1029.41 546.698
844.958 459.191
1017.79 439.756
-1 -1
995.611 342.492
792.49 338.473
-1 -1
761.946 346.017
915.778 260.684
-1 -1
-1 -1
-1 -1
-1 -1
-1 -1
904.022 525.616
-1 -1
903.851 562.625
-1 -1
-1 -1
-1 -1
1022.03 649.942
-1 -1
1124.1 680.203
1103.8 794.154
1214.17 687.503
1189.51 793.226
1288 674.971
1261.91 760.22
1352.4 635.271
1301.41 700.328
1399.01 582.219
1317 637.992
1416.13 521.952
1296.62 568.658
1402.02 461.524
1267.12 494.182
1382.55 421.145
1240.08 428.057
1349.01 374.032
1224.29 335.514
1314.94 317.006
-1 -1
1278.31 269.175
-1 -1
1234.95 272.026
-1 -1
1204.05 308.763
1255.42 173.385
1201.82 352.484
1244.25 220.567
1206.23 397.959
1253.48 277.199
1228.09 452.503
1266.21 351.92
1255.97 525.284
1286.89 419.433
1295.25 588.881
1323.52 481.532
1344.01 639.058
1352.53 530.378
1383.79 676.173
1366.97 549.989
1404.19 688.01
1381.89 548.287
1412.51 668.311
1392.04 538.085
1411.39 626.817
1380.41 516.921
1392.77 586.499
1362.1 502.393
1363.17 538.865
-1 -1
-1 -1
-1 -1
-1 -1
-1 -1
-1 -1
-1 -1
-1 -1
-1 -1
-1 -1
-1 -1
-1 -1
1130.89 232.553
-1 -1
1112.37 241.032
-1 -1
1095.88 290.544
1150.97 163.577
-1 -1
1143.81 254.783
1103.5 447.007
1152.56 329.021
1145.5 501.734
1194 381.529
1209.23 543.484
1231.88 408.527
1292.11 558.915
1259.78 416.53
1371.25 538.413
1306.34 401.435
-1 -1
-1 -1
1456.01 446.963
-1 -1
-1 -1
-1 -1
1402.86 358.336
1292.37 248.942
-1 -1
1199.23 246.695
-1 -1
-1 -1
-1 -1
-1 -1
934.262 396.966
-1 -1
839.567 397.97
-1 -1
778.141 377.637
-1 -1
737.895 390.586
-1 -1
690.401 449.956
654.418 315.881
652.528 511.955
616.304 383.039
612.024 548.329
584.912 428.531
577.06 559.986
561.705 447.119
573.155 561.668
566.014 447.583
-1 -1
613.386 435.997
-1 -1
-1 -1
-1 -1
-1 -1
-1 -1
-1 -1
1002.33 438.049
914.252 366.697
1036.03 408.367
948.805 354.682
1020.38 417.996
934.343 389.104
996.246 419.537
908.031 469.56
993.663 426.923
909.681 468.136
993.903 379.41
918.212 422.047
970.254 315.631
905.961 379.594
932.784 286.176
874.624 364.14
895.434 291.996
829.465 370.04
858.488 348.949
777.69 417.999
-1 -1
725.55 482.982
-1 -1
-1 -1
702.96 606.634
-1 -1
642.91 643.491
-1 -1
586.351 640.782
-1 -1
-1 -1
-1 -1
-1 -1
-1 -1
538.131 535.019
-1 -1
582.9 545.836
578.034 393.771
618.1 582.522
624.977 440.065
620.971 606.477
641.347 472.969
622.384 581.074
643.966 467.601
623.022 513.495
648.506 440.046
607.507 428.989
644.723 428.035
-1 -1
-1 -1
-1 -1
-1 -1
-1 -1
-1 -1
-1 -1
518.047 400.596
478.563 311.4
-1 -1
-1 -1
-1 -1
-1 -1
-1 -1
535.46 516.262
-1 -1
542.929 525.952
548.574 677.404
553.972 522.965
584.555 669.826
580.328 502.08
624.978 647.001
616.956 456.971
656.932 611.075
669.391 439.217
-1 -1
-1 -1
-1 -1
-1 -1
-1 -1
875.074 526.611
933.868 675.146
924.454 549.969
1008.56 649.124
-1 -1
1079.99 599.072
1016.04 578.725
1114.92 522.958
1032.46 562.588
1090.85 430.12
1044.91 578.656
1051.69 411.578
1046.6 621.511
1048.04 453.057
1020.34 666.453
1034.17 500.355
968.829 695.626
999.846 533.195
902.475 698.334
945.709 538.962
-1 -1
890.149 535.495
-1 -1
-1 -1
648.015 561.214
799.377 478.61
620.049 481.579
783.953 433.728
622.924 404.12
782.572 414.496
-1 -1
-1 -1
816.445 354.254
864.668 504.595
911.544 357.138
898.569 525.564
992.638 379.57
935.384 540.865
1034.32 402.421
999.726 566.826
1064.96 417.496
1049.03 583.054
1090.63 442.365
1089.09 607.035
1103.65 484.539
1135.05 640.962
1120.47 534.209
1195.07 662.087
1148.22 579.765
1256.5 651.416
1173.83 612.006
1288.06 613.022
1202.01 623.903
1309.14 578.41
1244.51 622.523
1337.35 541.337
1284.46 592.941
1357.18 481.963
1312.6 551.194
1332.36 405.038
1320.55 488.894
1293.43 362.096
1317.92 438.521
1276.32 342.077
1324.52 377.168
-1 -1
-1 -1
1252.61 302.925
-1 -1
1238.57 291.995
-1 -1
1223.31 299.854
-1 -1
1205.59 322.821
1215.6 209.882
1195.57 357.543
1196.09 268.881
1199.1 413.955
1191.02 339.946
1226.95 480.046
1211.1 405.083
1287.49 534.041
1235 462.934
1356.86 536.005
1271.92 491.012
-1 -1
1315.81 487.868
1410.67 359.761
-1 -1
1374.42 283.409
1393.18 414.931
1337.06 264.433
1402.39 399.748
1286.01 299.97
1381.03 406.985
-1 -1
-1 -1
-1 -1
1287.01 522.076
1148.58 490.047
1229.36 535.26
1098.51 528.092
1160.04 509.38
1058.52 561.074
-1 -1
1012.05 559.348
970.053 397.56
967.03 531.618
912.291 345.941
894.957 477.536
858.015 304.475
832.856 433.528
807.402 273.036
773.042 398.725
762.076 288.537
699.444 381.007
727.462 340.046
-1 -1
714.948 392.382
619.674 392.97
691.418 376.042
-1 -1
680.016 427.375
-1 -1
663.419 459.898
728.871 582.659
649.811 483.455
-1 -1
640.334 518.079
763.032 597.777
661.018 567.676
798.379 579.839
713.522 583.933
842.147 560.552
-1 -1
886.452 517.55
850.41 576.064
917.46 471.488
-1 -1
951.83 424.716
957.472 516.361
975.982 378.03
964.446 478.54
969.47 331.306
901.951 427.938
945.865 286.943
-1 -1
917.281 231.27
-1 -1
-1 -1
-1 -1
918.712 201.025
870.665 138.259
870.973 300.964
850.942 210.047
821.052 368.938
788.109 281.934
752.63 423.679
724.092 331.984
687.04 446.641
686.588 339.862
649.399 420.095
-1 -1
643.016 361.42
684.534 292.023
-1 -1
695.182 307.42
-1 -1
727.362 322.989
-1 -1
788.462 347.919
732.086 234.408
-1 -1
-1 -1
-1 -1
-1 -1
-1 -1
-1 -1
1127.65 557.343
-1 -1
1147.99 548.004
1136.12 677.872
1126.34 515.524
1173 650.964
1051.94 501.954
1181.39 587.556
969.904 527.038
-1 -1
885.539 542.415
-1 -1
812.209 569.551
944.554 632.917
738.905 585.534
871.153 639.519
668.986 559.512
783.969 638.501
613.086 517.499
701.46 620.005
600.029 476.528
621.118 597.517
597.454 470.003
-1 -1
564.997 471.567
-1 -1
535.461 465.888
434.044 527.488
542.558 464.983
-1 -1
577.391 461.029
-1 -1
622.113 480.491
-1 -1
-1 -1
-1 -1
-1 -1
-1 -1
-1 -1
-1 -1
-1 -1
-1 -1
-1 -1
-1 -1
846.107 447.361
-1 -1
830.176 406.642
792.079 538.582
787.489 387.994
772.178 523.386
754.491 418.882
-1 -1
713.578 484.068
-1 -1
665.575 544.342
-1 -1
625.818 579.837
-1 -1
613.172 558.063
-1 -1
621.574 507.048
-1 -1
-1 -1
-1 -1
-1 -1
-1 -1
-1 -1
-1 -1
-1 -1
-1 -1
-1 -1
-1 -1
-1 -1
670.409 246.569
738.985 455.076
685.667 345.589
-1 -1
661.68 423.076
631.389 587.957
609.905 446.681
564.017 572.435
-1 -1
-1 -1
-1 -1
-1 -1
-1 -1
-1 -1
-1 -1
-1 -1
-1 -1
-1 -1
-1 -1
-1 -1
592.696 379.709
-1 -1
664.74 440.251
-1 -1
715.42 497.455
-1 -1
776.011 558.095
-1 -1
857.085 640.094
984.967 545.08
-1 -1
1039.47 549.226
1022.89 720.721
1083.58 526.933
1125.96 697.352
1091.1 536.967
1235.47 606.051
1132.04 537.539
1275.56 487.356
1152.66 477.479
-1 -1
1148.54 389.479
-1 -1
-1 -1
-1 -1
-1 -1
-1 -1
-1 -1
-1 -1
971.003 131.534
-1 -1
918.539 168.54
763.553 240.104
884.885 245.002
748.011 339.276
-1 -1
746.174 422.823
-1 -1
758.11 495.487
-1 -1
772.881 543.287
878.653 634.697
794.274 534.779
873.891 656.79
-1 -1
913.094 628.959
962.252 467.15
974.203 585.198
1048.84 451.767
1039.79 539.896
1137.04 447.072
1111.81 542.611
1204.62 437.883
1174.89 563.074
1248.81 437.023
1201.97 550.994
1292.04 483.008
1240.98 597.058
1321.08 514.96
1271.78 643.72
1351.92 583.576
1308.04 694.927
1368.45 621.063
1339.34 717.818
1374.37 630
1343.31 724.607
1355.59 628.14
1306.98 697.986
1314.54 618.17
1288.06 635.494
1282.15 578.202
1306.04 545.968
1274.12 480.623
-1 -1
1289.23 380.171
-1 -1
1302 369.068
1343.15 341.86
-1 -1
-1 -1
-1 -1
1276.42 470.458
1284.56 597.937
1297.48 504.382
1299.51 615.868
1294.46 529.998
1304.02 644.443
1310.94 526.077
1287.19 616.408
1351.53 483.562
1283.53 556.976
1398.99 457.972
1296.99 517.617
1424.01 455.057
1319.9 537.519
1408.46 485.62
1309.78 572.604
1375.49 510.466
1289.93 602.476
1360.94 549.912
1251.02 608.422
-1 -1
1194.9 597.47
1261.48 635.991
1134.42 570.966
1201.92 630.617
1086.97 548.381
1138.64 620.94
1061.05 506.517
1054.04 588.381
1064.05 462.592
981.879 520.404
1061.96 420.79
969.044 455.551
1048.75 342.459
997.036 383.471
-1 -1
-1 -1
-1 -1
1098.1 270.421
-1 -1
-1 -1
966.72 203.467
1073.5 230.813
953.014 312.412
1046.54 318.979
913.465 373.978
-1 -1
-1 -1
944.361 499.048
806.59 498.01
918.042 530.481
783.345 524.013
889.311 551.296
755.026 558.612
829.794 570.273
-1 -1
758.431 576.85
-1 -1
716.488 564.902
597.328 510.073
708.303 532.436
595.988 461.555
678.58 499.961
-1 -1
611.425 452.913
-1 -1
-1 -1
-1 -1
-1 -1
-1 -1
-1 -1
-1 -1
-1 -1
-1 -1
805.562 302.11
-1 -1
850.574 304.12
-1 -1
853.896 292.494
-1 -1
838.047 325.295
-1 -1
821.342 386.022
-1 -1
800.576 443.875
-1 -1
778.924 470.566
740.892 596.47
748.112 506.467
-1 -1
702.992 538.485
-1 -1
647.97 552.638
-1 -1
601.145 559.863
-1 -1
573.017 568.003
-1 -1
552.52 588.475
-1 -1
540.96 611.902
-1 -1
545.793 599.849
-1 -1
551.711 570.005
-1 -1
563.796 523.885
-1 -1
608.028 456.972
-1 -1
-1 -1
-1 -1
-1 -1
-1 -1
-1 -1
-1 -1
-1 -1
-1 -1
-1 -1
-1 -1
-1 -1
-1 -1
-1 -1
-1 -1
-1 -1
-1 -1
-1 -1
-1 -1
-1 -1
592.155 304.77
572.062 397.188
675.491 356.408
-1 -1
-1 -1
-1 -1
-1 -1
-1 -1
-1 -1
-1 -1
-1 -1
881.436 782.432
998.896 742.048
964.107 766.913
1079.87 708.798
1028.86 633.975
1146.71 584.503
1048.98 466.583
1177.46 458.572
1047.5 374.937
1191.06 393.221
1052.85 389.155
1199.51 375.417
-1 -1
1213.26 433.076
-1 -1
1209.98 545.321
1012.39 674.003
-1 -1
922.802 711.486
1088.75 697.105
-1 -1
981.232 687.457
712.011 630.902
-1 -1
649.887 517.047
795.438 578.391
649.975 416.019
-1 -1
-1 -1
-1 -1
-1 -1
-1 -1
-1 -1
-1 -1
1087.73 459.137
-1 -1
1178.16 468.267
-1 -1
1254.52 427.197
-1 -1
1282.03 379.98
1428.04 430.925
1268.01 316.929
1412.2 356.906
-1 -1
-1 -1
-1 -1
1252.86 267.184
-1 -1
-1 -1
-1 -1
-1 -1
-1 -1
1043.97 606.119
980.605 618.746
1061.08 679.222
1026.46 661.046
1104.38 697.628
1086.97 676.02
1161.83 691.971
1132.69 663.703
1210.48 668.32
1166.34 610.493
1249.9 629.874
1201.1 569.537
1290.12 584.252
1235.88 531.545
1328.64 546.853
1257.52 514.101
1351.62 508.992
1257.99 520.717
1340.62 477.784
1229.46 543.968
-1 -1
1187.03 587.536
-1 -1
1159.09 655.56
-1 -1
1147.99 701.803
-1 -1
1157.84 730.976
1103.45 693.878
1158.07 714.032
-1 -1
1192.18 673.535
1152.16 737.209
1263.84 638.222
1234.05 738.017
1330.45 589.596
1272.46 693.516
1336.47 483.421
1299.99 623.892
1322.02 389.877
1285.83 540.033
-1 -1
1264.87 462.93
1289.07 272.896
1254.13 425.867
1255.4 303.738
1235.41 456.518
-1 -1
-1 -1
1181.59 464.033
1219.13 600.395
1178.36 518.149
1225.4 646.077
1214.37 536.437
1265.85 661.501
1288 532.914
1345.53 657.484
-1 -1
1436.05 634.511
-1 -1
1506.05 608.26
1554.29 463.364
1552.06 596.64
1568.97 483.024
1547.45 613.965
1524.1 523.878
-1 -1
-1 -1
-1 -1
-1 -1
-1 -1
1135.95 616.055
1076.86 721.635
1020.69 573.031
951.045 679.396
-1 -1
805.142 581.477
-1 -1
-1 -1
-1 -1
-1 -1
-1 -1
-1 -1
-1 -1
-1 -1
-1 -1
-1 -1
-1 -1
-1 -1
-1 -1
-1 -1
636.539 307.025
-1 -1
674.544 336.049
-1 -1
741.525 343.975
-1 -1
819.054 349.222
-1 -1
875.958 354.777
-1 -1
903.293 364.524
-1 -1
910.464 344.058
-1 -1
895.443 303.002
-1 -1
867.944 306.484
897.499 424.484
864.546 325.041
895.398 435.028
854.99 331.401
873.509 446.537
832.586 339.869
851.566 444.463
817.115 366.381
843.42 440.516
807.019 392.434
-1 -1
783.348 430.946
-1 -1
743.035 485.422
-1 -1
701.523 523.042
-1 -1
668.172 531.494
-1 -1
639.453 523.151
577.907 657.496
604.797 496.089
-1 -1
578.009 473
-1 -1
572.971 447.075
-1 -1
-1 -1
-1 -1
-1 -1
-1 -1
-1 -1
-1 -1
-1 -1
-1 -1
-1 -1
-1 -1
-1 -1
-1 -1
-1 -1
-1 -1
-1 -1
-1 -1
-1 -1
-1 -1
-1 -1
-1 -1
-1 -1
550.965 381.034
-1 -1
559.603 451.932
-1 -1
547.389 473.998
-1 -1
543.561 485.014
-1 -1
-1 -1
-1 -1
-1 -1
-1 -1
-1 -1
459.587 285.646
-1 -1
560.489 353.578
574.006 503.107
658.956 422.947
640.036 572.776
-1 -1
-1 -1
-1 -1
-1 -1
-1 -1
-1 -1
901.139 615.123
1031.55 658.309
950.596 612.389
1082.83 575.16
1010.12 589.148
1114.01 487.259
1106.23 550.628
1125.73 388.919
1189.27 477.007
1133.8 313.023
1229.97 403.353
-1 -1
1260.92 328.992
-1 -1
1242.8 277.645
-1 -1
1199.28 244.066
-1 -1
