2000
-1 -1
853.203 340.131
-1 -1
895.972 345.403
-1 -1
952.046 363.969
1022.45 230.28
1011.31 388.445
1070.23 266.483
1062.31 422.708
1111.01 316.09
1108.51 470.532
1148.2 371.041
1161.22 525.773
1192.01 432.142
1228.6 580.476
1231.26 483.443
1282.99 624.903
1248.03 516.925
1314.84 637.265
1254.98 542.951
1329.41 625.039
1261.03 564.009
1333.68 602.91
1264.27 584.976
-1 -1
1258.48 583.989
1304.41 534.61
1252.5 574.964
1277.15 483.44
1246.47 567.1
1244.19 442.029
1234.45 561.088
1209.4 424.822
1209.57 562
1171.67 425.826
1180.41 582.095
1134.95 444.588
1164.5 608.119
1107.55 471.036
1175.05 620.014
1099.97 496.287
1208.95 600.977
1110.36 514.482
1231.43 524.076
1123.65 511.607
1236.27 431.678
1131.4 479.765
1230.89 347.249
1136 440.974
1199.04 280.171
1126.49 409.821
-1 -1
1111.44 385.259
1092.56 202.638
1089.02 364.892
1050.88 208.049
1071.82 356.594
1029.69 233.907
1065.53 366.016
1027.98 271.539
1073.94 396.574
1035.57 297.836
1082.52 422.972
1054.89 310.564
1100.09 437.455
1082.92 332.41
1134.53 455.004
1112.34 364.001
1167.1 485.37
1133.37 392.999
1183.68 513.05
1138.88 411.476
1179.71 525.091
1140.55 426.484
1164.41 528.062
1130.02 440.614
1135.72 522.387
1116.72 448
1098.86 507.23
1105.05 450.457
1062.94 488.405
1098.97 446.954
1033.41 467.332
1093.03 437.007
1005.51 436.628
1095.43 417.539
992.806 402.399
1103.82 407.505
992.086 368.639
1108.99 405.076
999.989 341.992
1105.05 421.359
1009.33 333.997
1116.18 444.422
1023.99 355.971
1151.99 448.056
1046.12 379.955
1196.97 406.575
1066.28 393.503
1221.51 322.566
1104.98 392.536
-1 -1
1140.54 359.948
-1 -1
1155.88 323.7
-1 -1
1152.88 295.299
1045.48 174.953
1129.38 276.093
-1 -1
1080.68 290.391
927.441 261.919
1037.62 328.448
883.486 323.471
999.91 375.543
859.42 367.844
973.397 419.187
848.486 401.124
950.808 461.591
845.332 419.418
923.254 496.577
843.986 427.625
-1 -1
832.957 440.507
823.856 544.06
813.348 450.033
760.695 548.987
775.474 451.23
-1 -1
736.28 442.054
618.334 502.871
702.438 432.916
566.997 457.693
678.989 421.616
539.052 406.496
670.46 412.804
545.397 351.13
678.195 406.432
585.217 308.511
717.571 407.916
648.34 301.639
768.908 420.544
707.686 326.581
828.98 426.046
773.954 361.44
883.98 394.005
-1 -1
903.465 387.841
-1 -1
909.084 357.453
868.03 418.025
911.991 297.992
880.477 403.784
-1 -1
893.332 347.486
-1 -1
889.496 299.477
838.909 160.507
874.718 281.535
805.376 192.149
847.103 298.371
773.529 234.852
812.883 338.392
734.512 264.939
770.034 373.978
694.408 288.074
729.479 397.566
655.494 313.939
685.45 428.056
617.018 347.558
638.138 465.441
583.023 380.489
589.532 502.107
558.006 407.396
543.298 533.822
537.439 438.956
495.379 566.724
514.563 465.041
455.441 591.095
498.453 475.047
-1 -1
483.567 474.954
-1 -1
473.992 486.662
-1 -1
-1 -1
-1 -1
469.55 552.285
-1 -1
-1 -1
454.977 473.97
518.97 592.551
516.947 468.875
562.559 589.001
569 468.949
600.486 578.999
613.116 475.329
621.842 548.382
644.342 472.058
615.324 487.992
651.595 466.273
600.316 412.023
645.798 451.545
594.702 336.482
641.569 419.596
603.399 270.868
640.523 388.551
634.147 243.059
651.093 373.505
685.395 252.075
672.486 374.555
725.634 271.895
701.27 385.518
755.426 306.908
716.638 386.279
770.426 352.85
724.614 389.203
769.544 393.959
-1 -1
756.087 440.46
-1 -1
738.446 479.442
-1 -1
716.359 500.377
-1 -1
687.919 517.018
633.259 571.122
660.126 542.071
597.43 636.901
627.582 585.03
555.784 684.511
610.433 619.143
-1 -1
608.51 639.506
-1 -1
625.609 644.308
-1 -1
635.028 623.991
-1 -1
657.053 610.962
-1 -1
694.02 612.984
-1 -1
737.906 617.986
-1 -1
783.457 615.572
-1 -1
822.098 628.823
943.249 658.406
851.481 649.585
982.052 660.039
848.02 677.006
987.014 650.981
816.421 699.62
957.021 641.81
778.955 729.806
916.825 651.101
723.429 756.36
846.459 652.116
-1 -1
768.874 658.711
551.962 732.949
-1 -1
459.774 638.8
620.029 658.75
416.956 527.228
545.554 620.281
401.667 418.757
496.511 546.808
435.461 329.118
474.865 488.829
491.542 279.214
484.884 446.986
569.143 251.688
505.888 407.805
660.008 247.051
568.037 382.884
773.35 297.552
638.998 368.831
859.96 358.967
720.948 396.777
919.452 420.492
782.878 444.864
962.811 465.443
835.137 510.489
995.537 512.829
869.345 558.538
1017.91 548.648
-1 -1
1031 565.329
931.012 653.041
1037.17 565.542
984.502 702.627
1064.06 583.913
1030.93 731.001
1098.39 587.346
1086.51 740.534
1128.73 583.558
1171.43 736.598
1163.38 579.424
1241.93 711.772
1180.65 580.424
1281.96 681.104
1186.08 612.986
1298.05 653.571
1195.5 639.995
1300.12 639.492
1212.91 670.927
-1 -1
1238.25 687.197
1261.06 563.551
1246.56 685.128
1252.41 551.982
1247.91 668.478
1241.46 529.023
1246.53 630.809
1225.38 488.403
1232.5 566.965
1207.17 427.516
1203.41 495.028
1185.62 355.785
1175.91 414.485
1166.5 279.041
1148.5 335.122
1145.11 208.429
1118.41 286.058
-1 -1
1087.05 270.687
1088.96 180.674
1060.51 297.098
1073.94 218.523
1048.47 367.92
1072.99 292.028
-1 -1
1085.03 380.962
1084.91 547.51
1114.28 453.866
1139.86 613.879
1151.99 489.968
1189.11 627.814
1166.1 477.071
1215.08 589.503
1155.97 436.13
1242.84 519.982
1138.36 424.406
1263.04 480.987
1150.1 446.953
1289.99 514.975
1175.51 473.971
1330.1 540.999
1213.9 519.623
1353.6 572.255
1236.99 549.545
1351.49 575.012
1255.8 589.908
1311.59 550.034
1266.02 611.04
1256.36 514.888
-1 -1
1196.98 470.394
1187.37 558.518
1150.61 436.696
-1 -1
1121.75 421.934
1100.27 488.064
1107.31 425.88
1065.05 448.04
1091.99 426.721
1035.12 416.961
1071.05 433.145
1005.52 385.45
1045.88 435.966
978.016 355.756
1016.99 442.988
960.99 330.05
996.911 452.421
960.191 327.328
1000.96 472.084
982.565 348.973
1038.48 504.823
1032.55 384.049
1116.87 543.735
1100.53 425.058
1209 567.51
1172.66 453.752
1313.06 547.565
1233.86 450.73
-1 -1
-1 -1
1440.22 404.962
1300.96 424.292
-1 -1
1305 406.695
1387.14 314.445
1268.21 388.198
1332.72 322.514
-1 -1
1271.53 290.901
1147.11 350.609
1228.02 251.504
-1 -1
-1 -1
1056.44 278.937
1089.74 166.703
993.078 268.245
1030.66 195.919
921.146 277.441
977.651 265.042
855.439 315.01
926.236 324.96
810.727 382.945
878.078 395.577
763.489 439.135
-1 -1
701.633 469.262
756.116 515.439
637.122 459.46
683.366 533.013
592.01 438.981
631.073 529.983
581.427 413.842
619.239 514.056
621.012 392.6
656.921 490.44
-1 -1
709.771 470.72
812.331 384.94
792.168 483.557
886.826 393.483
864.133 508.957
949.157 415.224
910.958 532.707
984.446 434.801
947.405 547.876
1006.57 441.891
974.18 539.548
1019.37 432.653
993.998 498.656
1020.51 402.057
996.577 436.256
1000.78 381.812
-1 -1
-1 -1
-1 -1
-1 -1
932.192 343.528
-1 -1
907.926 342.6
880.687 410.238
866.802 368.37
837.83 437.928
811.452 408.461
-1 -1
-1 -1
-1 -1
702.962 489.972
648.524 556.565
650.017 513.381
585.901 579.827
590.477 532.136
517.147 594.262
529.917 555.342
450.574 603.193
481.447 580.858
-1 -1
440.599 607.944
-1 -1
-1 -1
-1 -1
-1 -1
-1 -1
-1 -1
-1 -1
-1 -1
-1 -1
-1 -1
-1 -1
-1 -1
409.002 377.012
411.368 445.37
461.636 337.591
479.697 416.935
503.611 321.316
533.902 437.511
531.967 340.558
563.044 491.772
544.138 389.661
542.536 547.042
523.956 429.606
484.92 574.642
492.531 444.917
428.028 567.719
471.052 451.995
389.508 534.995
459.619 447.721
362.554 464.047
459.917 445.74
-1 -1
464.365 435.843
412.656 326.07
484.056 433.495
-1 -1
517.893 444.286
566.112 335.395
550.435 468.137
618.753 384.954
613.931 531.837
671.008 449.068
651.449 598.927
699.996 499.049
-1 -1
716.055 546.937
731.778 686.78
720.587 574.256
770.344 643.389
710.657 586.54
779.855 556.889
698.998 620.068
753.056 497.413
681.088 654.474
716.982 499.051
672.744 713.025
669.016 544.543
-1 -1
629.964 601.95
576.925 810.847
598.972 642.94
-1 -1
570.03 660.038
-1 -1
557.051 664.046
-1 -1
538.998 609.979
-1 -1
516.119 520.693
-1 -1
486.035 425.891
-1 -1
-1 -1
-1 -1
508.756 301.508
374.347 240.664
-1 -1
431.668 272.798
591.593 302
501.899 319.01
652.714 364.69
559.413 381.645
703.36 427.135
608.256 457.926
-1 -1
648.758 538.12
-1 -1
684.702 614.107
-1 -1
739.989 665.042
-1 -1
815.431 711.476
-1 -1
897.063 750.042
1025.25 718.691
972.988 758.989
-1 -1
-1 -1
1150.99 701.001
1090.05 702.965
1207.03 659.659
1129.36 649.421
1245.82 607.148
1141.45 578.506
-1 -1
1141.01 489.082
1257.18 472.028
1143.64 416.553
1255.98 409.036
1143.93 346.967
1247.17 371.29
1147.23 291.478
1235.4 346.028
1168.19 246.101
1226.54 345.033
1206.34 224.817
1221.09 360.351
1232 230.355
1221.53 373.06
1236.51 239.977
1231.05 381.48
1228.16 251.478
1250.38 377.831
1213.09 264.469
1266.38 351.931
1197.15 271.383
-1 -1
1176.56 297.145
-1 -1
1162.41 322.996
-1 -1
1153.3 338.048
-1 -1
1140.79 355.457
1166.99 225.492
1119.6 376.898
1127.35 245.931
1096.47 397.98
1094.55 274.074
1084.15 433.516
1082.56 309.156
1084.54 479.035
1084.47 355.973
1100.51 520.998
1104.08 393.415
1131.92 550.531
1138.02 420.025
1179.98 567.661
1161.81 422.512
1243.21 541.523
1169.45 405.652
1299.96 469.058
1178.1 390.862
1332.04 397.905
1195.51 340.573
1351.76 294.24
1199.95 294.888
-1 -1
1191.59 262.062
-1 -1
1167.42 241.465
-1 -1
1127.46 240.238
1097.29 120.952
1071.13 270.534
1050.56 174.102
1011.01 312.38
1017.92 228.541
984.583 360.947
1008.5 286.002
964.986 401.452
1027.92 342.658
959.867 426.478
1057.61 408.879
965.445 452.748
1083.48 436.524
978.942 464.36
1077.9 462.931
962.289 464.464
1035.2 469.435
917.958 461.436
981.952 459.01
867.264 451.122
948.955 451.81
833.008 409.538
940.918 433.006
822.063 389.588
957.492 413.486
830.849 401.284
994.391 377
879.456 434.138
1017.97 347.306
942.912 454.396
1042.56 330.863
-1 -1
1046.96 306.488
1040.93 438.629
1035.56 280.065
1065.53 410.986
1004.98 268.488
1064.44 388.982
946.075 287.438
1035.88 386.374
876.332 336.765
-1 -1
-1 -1
-1 -1
773.139 427.45
-1 -1
722.531 454.124
759.317 572.939
666.33 476.564
677.256 596.778
589.58 477.276
592.159 598.667
525.514 447.893
-1 -1
492.935 406.863
-1 -1
478.79 350.011
-1 -1
504.523 303.591
-1 -1
547.202 271.643
-1 -1
595.352 273.904
-1 -1
634.67 277
-1 -1
677.095 276.638
551.078 298.724
719.387 284.904
612.704 318.448
741.385 290.975
656.045 345.255
745.063 327.428
671.438 389.033
732.393 394.968
666.1 443.49
703.316 438.04
643.049 496.547
659.473 464.426
604.375 520.83
606.524 475.55
556.874 522.805
558.498 482.432
-1 -1
528.07 487.128
490.015 524.574
507.528 489.385
468.497 531.548
491.416 504.917
-1 -1
481.606 520.93
-1 -1
478.837 529.393
413.036 618.563
481.475 493.062
-1 -1
493.569 466.95
463.042 608.39
507.705 439.95
489.005 581.533
510.003 409.34
501.892 546.457
519.407 392.075
511.851 527.411
526.088 356.678
526.68 493.122
521.18 294.542
536.974 434.479
522.157 230.135
534.465 359.009
528.662 196.038
539.601 318.124
540.498 193.544
552.597 315.997
562.052 214
568.613 333.09
577.997 248.932
581.594 376.021
603.234 299.357
600.941 432.047
625.778 350.3
621.518 495.056
643.508 397.001
634.716 547.532
657.291 446.491
658.941 610.051
668.299 487.736
675.768 650.397
665.957 510.056
692.029 666.899
663.044 513.945
-1 -1
660.792 510.788
721.203 649.468
641.376 507.936
736.922 609.497
612.435 503.968
732.057 575.985
-1 -1
712.897 539.088
500.743 566.145
650.922 536.967
-1 -1
570.453 562.439
-1 -1
480.554 586.237
-1 -1
-1 -1
-1 -1
-1 -1
-1 -1
-1 -1
-1 -1
-1 -1
-1 -1
-1 -1
-1 -1
517.473 521.582
-1 -1
-1 -1
-1 -1
-1 -1
-1 -1
-1 -1
-1 -1
-1 -1
-1 -1
-1 -1
-1 -1
-1 -1
-1 -1
-1 -1
-1 -1
-1 -1
1208.99 377.684
-1 -1
1199.11 330.025
-1 -1
1186.53 276.961
1330.78 234.911
1154.53 229.055
-1 -1
1109.94 198.941
-1 -1
1067.81 208.425
-1 -1
1019.13 263.99
1094.06 119.055
973.941 338.046
1032.98 189.106
950.012 415.886
993.212 264.057
934.186 456.43
971.956 316.064
-1 -1
965.504 333.739
-1 -1
-1 -1
-1 -1
999.972 324.965
-1 -1
1027.1 362.45
1067.68 263.821
1042.5 413.236
1066.58 339.481
1053.87 469.958
1079.72 392.565
1074.66 509.578
1082.11 434.009
1089.71 544.229
1083.32 458.023
1102.7 558.006
1087.07 444.52
1111.38 548.218
1097.08 411.392
1115.44 509.038
1103.91 363.373
1115.45 442.897
1101.99 312.575
1109.48 381.6
1090.51 276.853
1093.06 323.413
-1 -1
-1 -1
1074.95 280.274
-1 -1
1071.55 323.838
1037.22 271.477
1084.08 391.493
1030.99 329.505
1124.87 464.602
1047.97 392.515
1201.05 505.418
1096.08 452.584
1266.03 541.482
1144.06 490.544
1317.47 529.1
1185.89 520.546
1344.04 470.882
1220.94 516.438
1337.89 420.93
1224.36 493.944
1317.88 436.5
1196.49 492.039
1280.1 473.466
1163 517.329
1244.06 489.499
1132.92 529.388
1218.94 499.936
1096.05 502.054
1188.91 502.008
1067.38 481.557
1154.79 517.581
1038.69 486.317
1129.36 539.889
1017.49 499.395
1116.52 532.468
1003.93 498.5
1104.67 478.427
988.516 451.68
1100.49 390.025
978.506 378.921
-1 -1
-1 -1
-1 -1
-1 -1
-1 -1
-1 -1
-1 -1
-1 -1
1136.04 234.058
1020.17 255.452
1140 306.015
1029.91 353.002
1133.33 357.974
1033.61 431.58
1093.98 366.61
1030.96 476.943
1037.15 370.57
1004.82 489.554
979.989 372.373
-1 -1
933.042 384.969
876.435 501.046
877.044 399.53
794.217 501.205
822.261 406.883
715.67 489.361
780.975 411.49
658.687 475.95
758.031 439.627
619.431 454.894
735.148 484.439
607.395 442.846
728.348 528.138
627.003 458.474
741.468 570.182
663.298 493.883
773.117 595.04
-1 -1
801.175 588.491
755.535 556.243
826.573 549.853
783.31 561.385
-1 -1
791.253 562.272
811.207 488.455
776.544 561.619
780.838 450.144
742.496 553.393
753.337 422.997
-1 -1
725.171 401.005
698.711 526.915
675.339 389.984
662.32 519.302
623.578 391.025
606.783 527.382
587.123 400.487
562.368 540.997
563.258 412.082
544.49 556.944
583.535 443.008
531.658 582.962
601.52 463.002
543.602 593.005
627.247 492.493
564.503 563.187
641.51 479.212
585.061 540.713
650.831 503.922
600.936 535.932
650.857 531.465
-1 -1
661.625 528.964
-1 -1
676.089 503.409
-1 -1
686.472 492.096
706.383 425.755
698.891 487.531
-1 -1
691.521 513.848
746.518 468.877
674.1 528.556
741.5 524.006
632.558 536.073
709.668 560.163
591.012 536.47
679.529 565.951
552.159 478.537
645.348 542.207
518.532 371.962
618.524 456.018
-1 -1
566.431 343.055
-1 -1
517.476 233.999
-1 -1
-1 -1
-1 -1
-1 -1
-1 -1
-1 -1
544.444 268.021
-1 -1
588.487 408.016
-1 -1
576.514 494.029
-1 -1
548.125 540.443
644.531 617.529
555.782 557.336
677.3 595.024
-1 -1
733.851 554.552
682.705 607.994
797.549 533.819
768.034 612.494
870.977 516.359
-1 -1
935.012 525.428
-1 -1
973.664 568.887
949.468 748.998
1017.88 611.49
952.157 759.457
1037.37 628.982
947.507 763.108
1034.87 632.498
-1 -1
1019.18 600.416
-1 -1
-1 -1
-1 -1
-1 -1
954.091 542.089
-1 -1
980.095 567.081
-1 -1
-1 -1
-1 -1
1016 635.051
1156.07 574.04
1013.95 602.985
1148.42 531.57
984.979 511.998
1126.58 473.533
957.765 419.809
1094.03 381.934
931.864 346.682
1060.88 296.143
905.399 310.604
1026.36 236.679
880.589 320.55
991.689 225.852
-1 -1
958.992 288.759
872.633 494.005
-1 -1
899.219 561.782
967.46 474.518
916.261 599.494
972.434 509.902
951.071 634.008
997.529 542.181
1014.43 673.443
1051.57 572.967
1081.49 685.404
1111.11 586.498
1136.86 685.491
1160.04 580.733
1177.49 671.833
1195.43 561.071
1204.41 634.878
1220.56 520.195
1216.53 580.021
1238.05 472.496
1216.05 526.447
1240.3 420.31
1198.12 470.315
1223.45 372.812
1176.45 410.005
1202.94 341.341
1164.48 355.925
1179.47 304.093
-1 -1
-1 -1
1226.24 196.917
-1 -1
-1 -1
1180 216.705
-1 -1
1189.86 247.967
1245.26 127.131
1214.15 284
1218.37 169.273
1212.69 323.652
1210.08 217.089
1219.13 368.961
1218.91 281.09
1220.4 430.483
1223.39 338.043
1232.56 480.999
1237.98 388.544
1242.53 519.013
1237.5 428.991
1243.56 548.95
1212.91 448.439
1222.63 560.17
1186.43 449.005
1183.47 548.978
1163.96 442.577
1138.4 519.441
1131.58 428.504
1095.77 491.395
1101.93 420.051
1049.17 457.672
1061.72 403.434
997.515 412.431
1014.04 361.597
943.708 347.602
972.006 306.736
901.588 283.447
938.486 254.501
870.647 223.75
-1 -1
842.445 169.78
868.028 215.615
-1 -1
846.232 206.18
-1 -1
837.988 213.605
-1 -1
839.409 259.014
889.886 137.568
849.487 330.572
911.884 219.596
883.268 400.214
939.67 286.759
936.778 443.732
991.356 328.034
1003.98 472.043
1028.23 349.378
1084.41 473.883
1056.3 352.919
1146.99 445.605
-1 -1
1193.95 393.952
1122.06 305.286
1198.42 361.038
-1 -1
1203.06 314.421
-1 -1
1172.5 288.971
1087.51 203.078
1100.38 309.157
-1 -1
-1 -1
-1 -1
-1 -1
-1 -1
-1 -1
-1 -1
711.029 381.562
606.16 278.546
635.991 369.089
537.831 255.502
576.012 387.308
489.102 265.734
501.556 457.018
448.269 321.557
-1 -1
-1 -1
-1 -1
-1 -1
-1 -1
-1 -1
-1 -1
-1 -1
-1 -1
-1 -1
-1 -1
-1 -1
614.278 520.115
585.22 403.382
689.963 468.642
643.058 378.854
737.396 411.823
686.848 349.578
752.164 380.547
714.211 334.841
735.478 390.999
-1 -1
713.507 395.786
-1 -1
707.283 403.45
-1 -1
704.35 358.977
694.59 404.126
688.974 298.974
690.574 362.967
672.489 270.862
680.931 349.473
661.524 278.029
665.356 357.707
656.464 333.947
647.647 407.198
651.759 423.595
634.764 477.632
-1 -1
615.463 538.06
-1 -1
584.887 605.895
-1 -1
-1 -1
560.317 658.063
-1 -1
551.986 640.002
-1 -1
549.979 595.983
533.402 464.755
558.483 551.339
543.654 396.888
566.051 558.082
556.532 400.97
555.097 594.939
561.982 445.001
515.086 624.421
538.798 481.751
-1 -1
506.94 480.055
-1 -1
486.45 452.978
-1 -1
472.942 441.385
315.326 400.173
439.113 414.617
-1 -1
-1 -1
-1 -1
-1 -1
260.996 288.058
-1 -1
292.202 334.303
-1 -1
-1 -1
-1 -1
-1 -1
-1 -1
466.472 541.194
-1 -1
493.948 548.04
-1 -1
531.003 541.035
-1 -1
587.073 511.878
678.804 645.779
647.971 457.129
723.925 602.175
727.041 429.218
783.019 582.001
818.034 453.97
-1 -1
914.942 478.024
993.454 620.446
979.03 477.979
1085.11 599.051
1028.03 490.927
1171.04 560.916
1082.91 516.901
1239.46 504.168
1112.5 503.596
1253.06 433.963
1121.15 486.682
-1 -1
1122.24 499.1
1142.99 348.019
-1 -1
-1 -1
1072.01 585.51
1077.36 434.177
-1 -1
1045.03 469.552
974.243 636.37
996.027 483.256
896.015 635.766
947.045 488.98
840.952 618.977
904.966 477.039
808.865 544.828
894.989 446.02
801.19 469.218
885.027 404.12
-1 -1
884.786 385.645
-1 -1
904.971 415.336
936.491 322.162
944.066 460.897
983.857 317.394
972.011 476.109
1021.17 332.225
993.972 485.902
1039.47 349.831
1024.12 502.402
1053.09 361.445
1051.96 511.566
1062.24 381.502
1070.53 527.999
1067.56 416.977
1090.45 552.998
1072.64 460.25
1109.1 565.373
1082.48 497.997
1123.16 551.443
1089.36 525.011
-1 -1
1087.03 534.598
-1 -1
1086.97 530.985
1103.31 454.474
1085.87 504.056
1093.16 403.371
1078.78 467.44
1073.55 339.952
1063.44 414.948
1059.35 304.479
1040.62 372.996
1045.13 289.466
1014.25 321.411
1018.71 284.183
-1 -1
-1 -1
-1 -1
990.15 249.359
-1 -1
977.415 257.415
965.287 152.854
966.575 278.416
972.958 175.534
980.135 307.396
984.869 227.501
1022.49 354.009
1018 288.618
-1 -1
1065.56 343.009
1159.87 443.416
1093.96 390.247
1224.37 435.737
1132.43 409.885
1268.89 379.49
1181.43 401.21
-1 -1
1218.88 364.487
-1 -1
1229.42 332.93
-1 -1
1221.97 320.42
1110 243.985
1202.44 327.998
1066.87 329.598
1162.8 376.005
1029.34 398.984
1113.98 437.355
-1 -1
-1 -1
922.967 471.499
987.975 445.599
875.574 509.787
904.461 420.063
825.107 517.179
791.34 370.046
782.529 498.261
724.401 328.095
702.524 458.179
661.971 292.408
630.649 423.927
604.061 265.631
562.529 397.02
568.503 284.156
479.808 388.464
546.565 338.239
-1 -1
541.073 393.505
-1 -1
518.006 381.485
-1 -1
518.962 433.412
-1 -1
513.751 469.074
576.535 584.986
523.969 493.572
612.915 592.67
537.576 528.099
662.725 588.397
571.32 574.701
718.972 562.609
632.507 581.806
774.082 533.6
710.056 574.455
825.726 485.98
773.086 549.567
855.943 437.471
826.465 512.961
888.223 387.922
880.497 475.092
915.121 341.487
900.966 436.573
918.232 297.267
852.069 396.49
903.791 257.02
769.413 315.95
876.06 206.584
721.538 214.053
865.814 158.478
725.884 138.554
877.902 175.537
-1 -1
-1 -1
793.409 190.146
-1 -1
717.609 266.572
676.066 413.231
618.951 327.942
556.788 450.418
541.413 342.143
-1 -1
513.659 310.227
-1 -1
517.088 293.365
-1 -1
539.842 308.838
-1 -1
585.001 319.45
-1 -1
670.838 336.155
566.997 227.558
769.266 397.258
643.267 317.107
-1 -1
740.171 450.507
970.549 484.929
-1 -1
1025.54 486.929
944.485 594.397
1049 474.493
1018.56 594.881
-1 -1
-1 -1
-1 -1
1084.13 505.59
931.039 477.472
-1 -1
836.991 506.447
-1 -1
739.915 547.448
-1 -1
629.934 581.731
-1 -1
531.536 572.026
634.422 631.189
459.605 539.721
538.859 629.732
443.041 498.882
451.438 623.99
-1 -1
-1 -1
-1 -1
-1 -1
-1 -1
229.715 589.865
-1 -1
-1 -1
-1 -1
-1 -1
450.489 498.988
-1 -1
493.993 531.52
-1 -1
520.518 590.971
-1 -1
535.612 631.998
-1 -1
564.332 612.372
554.49 587.51
608.609 517.022
581.132 588.552
629.107 438.379
604.981 569.534
620.967 398.511
610.41 534.09
607.587 381.969
597.101 520.381
601.63 413.937
587.409 555.911
601.103 482.051
576.452 626.995
600.009 546.061
565.471 688.892
605.521 586.002
574.623 698.636
628.985 563.139
-1 -1
-1 -1
-1 -1
670.363 407.88
-1 -1
676.017 315.01
645.009 181.471
-1 -1
-1 -1
-1 -1
-1 -1
705.183 217.396
580.289 137.563
705.894 295.982
-1 -1
-1 -1
574.92 342.042
627.903 547.374
537.43 428.009
535.082 602.402
480.402 461.54
-1 -1
436.415 452.424
-1 -1
429.055 405.972
-1 -1
437.501 387.231
293.351 316.422
-1 -1
347.703 295.496
-1 -1
-1 -1
-1 -1
-1 -1
524.444 387.911
-1 -1
-1 -1
-1 -1
-1 -1
906.382 417.312
-1 -1
976.102 458.101
-1 -1
-1 -1
-1 -1
-1 -1
-1 -1
-1 -1
-1 -1
-1 -1
-1 -1
1152.81 456.464
-1 -1
1161.48 402.526
-1 -1
1152.05 326.903
-1 -1
-1 -1
-1 -1
1101.42 168.031
-1 -1
-1 -1
-1 -1
-1 -1
-1 -1
-1 -1
878.687 213.117
922.062 214.028
-1 -1
915.354 321.11
872.407 393.693
932.065 435.106
-1 -1
-1 -1
-1 -1
981.333 576.368
976.25 490.896
1009.38 595.369
1002.54 435.787
1031.97 565.062
1021.99 414.141
1044.35 519.479
1040.49 394.068
1055.11 473.589
1062.37 384.938
1068.07 469.542
1080.51 372.071
1085.45 482.874
1092.71 367.93
1101.45 469.954
-1 -1
1119.08 504.449
1116.27 429.726
1136.54 541.035
-1 -1
1159.3 579.529
1138.29 515.763
1177.49 595.483
1137.05 524.567
1185.36 600.248
1127.7 524.552
1180.04 581.519
1113.98 520.232
1194.64 527.99
1113.49 488.103
1224.39 447.041
1124.5 401.102
1252.12 352.905
1141.02 314.485
1266.55 288.854
1147.05 302.367
1207.81 273.315
1128.95 374.364
1122.52 333.032
1097.92 456.265
1088.02 395.687
1075.05 507.766
1097.14 423.902
1068.39 522.491
1084.07 448.005
1065.57 548.098
1100.37 443.098
1046.51 528.433
1143.01 400.487
1053.66 476.27
1188.92 372.318
1078.39 438.071
1207.59 367.055
1106 449.64
1189.98 394.34
1095.51 482.375
1157.97 418.946
-1 -1
1141.03 454.517
1033.64 523.619
-1 -1
983.499 524.036
1042.52 546.758
928.789 508.99
-1 -1
882.701 496.536
-1 -1
863.387 461.777
855.06 538.598
871.957 419.481
797.898 486.554
877.155 380.594
798.134 425.44
867.76 309.895
830.51 352.934
868.059 221.519
875.504 282.868
-1 -1
899.526 237.015
817.092 124.466
893.963 207.504
-1 -1
858.469 203.017
776.239 286.538
836.958 286.619
739.199 350.665
794.618 373.037
-1 -1
743.555 469.453
632.119 488.439
708.533 506.936
602.156 519.129
679.63 531.906
566.92 560.605
620.444 560.421
-1 -1
551.489 580.137
434.782 583.295
512.479 576.834
-1 -1
516.468 542.981
-1 -1
502.099 512.495
-1 -1
454.64 472.276
-1 -1
-1 -1
-1 -1
467.971 346.099
-1 -1
496.997 297.826
-1 -1
531.594 289.15
-1 -1
560.001 297.531
-1 -1
551.311 298.989
-1 -1
518.872 288.473
557.46 365.79
493.089 322.926
533.395 426.513
503.964 384.479
513.947 511.33
521.337 444.964
508.885 574.305
534.635 471.782
523.056 604.546
552.541 507.945
535.907 644.53
563.372 542.963
541.401 684.081
560.492 561.8
537.001 705.529
562.4 572.52
538.949 710.072
576.975 580.934
556.641 689.82
591.048 601.026
581.648 650.658
-1 -1
-1 -1
664.792 605.711
667.991 528.083
694.424 572.333
681.496 433.718
710.75 522.903
668.932 354.053
712.993 453.127
-1 -1
683.042 377.104
595.975 229.981
611.987 339.995
522.86 196.77
524.91 368.974
455.794 225.89
465.959 466.967
-1 -1
-1 -1
-1 -1
-1 -1
-1 -1
-1 -1
-1 -1
-1 -1
-1 -1
-1 -1
-1 -1
-1 -1
-1 -1
514.165 407.756
661.994 350.062
-1 -1
756.026 415.859
-1 -1
-1 -1
-1 -1
943.943 587.017
-1 -1
-1 -1
952.376 719.724
1090.97 653.951
1035.85 687.297
1167.87 607.894
-1 -1
1229.99 490.269
1117.01 400.991
1275.47 373.615
-1 -1
1293.97 314.97
1131.04 327.951
-1 -1
1121.08 385.041
-1 -1
1097.91 480.501
-1 -1
-1 -1
1195.59 538.039
-1 -1
1124.07 604.05
916.337 647.877
1032.06 617.233
853.729 603.259
947.428 580.147
822.251 498.818
896.02 541.934
838.136 397.263
880.366 490.176
885.971 351.626
919.183 447.772
947.214 352.342
990.959 439.973
1008.1 377.972
1065.37 456.003
1071.13 396.183
1140.08 469.388
1126.1 395.494
1201.33 455.311
1167.86 353.392
1237.08 415.98
1175.94 311.5
1248.54 344.132
1159.43 257.979
1225.47 282.928
1130.53 206.803
-1 -1
1082.1 233.54
-1 -1
1049.53 302.514
-1 -1
-1 -1
-1 -1
1035.93 484.86
-1 -1
1043.48 548.404
-1 -1
-1 -1
-1 -1
1066.91 591.423
-1 -1
1063.53 578.051
-1 -1
-1 -1
-1 -1
-1 -1
-1 -1
1004.72 460.989
-1 -1
986.352 445.989
-1 -1
973.162 452.554
-1 -1
962.262 475.474
-1 -1
-1 -1
932.601 464.486
989.559 575.531
-1 -1
1031.87 612.769
941.519 582.514
1081.98 632.73
969.062 616.927
1105.39 614.999
999.988 645.724
1137.47 573.986
1049.51 643.462
1184.09 532.472
1120.95 628.435
1230 482.575
1151.07 583.331
1217.71 393.945
1173.58 519.013
1177.46 317.08
1145.98 452.429
-1 -1
1104.65 390.284
-1 -1
-1 -1
-1 -1
1055.94 386.729
1026.52 327.036
-1 -1
997.304 401.15
-1 -1
999.525 450.855
1024.77 558.985
1041.32 461.806
1066.1 565.787
1110.12 448.48
1135.78 548.955
1192.04 409.564
1199.98 517.696
1246.26 369.945
-1 -1
-1 -1
1235.32 475.295
1242 380.996
-1 -1
1204.96 418.631
1170.49 527.532
1140.44 476.256
-1 -1
-1 -1
1002.43 634.349
977.014 545.361
912.814 653.407
892.343 523.097
817.571 635.491
804.493 483.931
-1 -1
715.382 407.049
-1 -1
636.437 307.041
-1 -1
571.826 230.117
-1 -1
525.374 193.3
-1 -1
496.664 181.05
-1 -1
456.965 226.085
-1 -1
430.113 273.91
-1 -1
437.781 315.612
-1 -1
467.433 344.879
-1 -1
513.131 346.462
-1 -1
565.091 344.334
-1 -1
601.959 345.025
529.467 358.358
620.372 352.83
571.125 406.284
618.566 333.1
592.003 418.476
606.672 292.957
605.606 419.988
602.411 296.959
617.155 412.796
602.383 315.784
611.337 422.029
590.526 323.855
591.56 439.057
572.286 334.18
565.059 439.003
565.111 361.534
547.321 437.12
555.977 389.382
528.695 461.9
543.6 428.987
510.04 521.65
539.452 488.096
495.28 592.12
537.994 529.497
-1 -1
543.535 540.984
-1 -1
544.558 534.252
-1 -1
534.939 509.96
518.933 648.04
530.019 487.895
524.938 600.143
535.993 460.899
541.944 539.458
546.034 412.988
-1 -1
-1 -1
-1 -1
549.484 306.821
552.533 243.917
547.91 256.657
-1 -1
538.393 220.541
-1 -1
505.939 193.832
-1 -1
484.064 194.976
-1 -1
489.364 225.58
-1 -1
504.834 301.769
-1 -1
534.462 415.476
428.555 288.86
513.97 543.961
-1 -1
-1 -1
476.027 470.979
-1 -1
448.996 497.07
-1 -1
443.82 510.174
-1 -1
-1 -1
-1 -1
-1 -1
-1 -1
-1 -1
367.847 303.831
-1 -1
-1 -1
-1 -1
-1 -1
-1 -1
-1 -1
-1 -1
-1 -1
861.503 646.964
-1 -1
990.876 640.607
-1 -1
1087.59 576.91
-1 -1
1124.73 495.046
-1 -1
1143.99 414.08
-1 -1
-1 -1
-1 -1
1151.02 258.935
-1 -1
1158.01 201.01
1233.59 263.423
-1 -1
1212.11 220.987
-1 -1
1170.07 194.992
-1 -1
