2000
-1 -1
1093.1 136.8
-1 -1
1041.6 150.9
-1 -1
976.1 176.9
913.6 73.2
913.2 205.8
863.8 108.3
870.4 233.8
837.6 147
848.5 265.3
839.1 179.9
842.6 288.9
841.5 209.3
830 308.4
834.4 236.7
816.1 324.6
-1 -1
793.3 333
831.2 271.1
761.6 337.6
811.5 294.1
723.3 342.8
792.5 318.6
688.4 340.4
-1 -1
661.8 335.6
-1 -1
642.1 317.3
715.2 357.2
633.1 297.7
695 369.5
645.3 291.1
705.6 375.4
681.3 288.9
761.6 371.5
739.9 290.9
816.9 363.8
797.2 294.4
864.6 335.5
839.8 293.4
900.3 287.3
872.9 283.2
917.5 220.2
891.1 264.2
913.5 162.6
895 236.6
-1 -1
888 210.1
-1 -1
882.2 194.1
-1 -1
880 182.4
-1 -1
869.4 178.5
803.2 81.7
847.5 187.9
765.9 124.4
818.1 212.4
733.9 174.7
784.1 252.4
695.5 214.1
744.2 292.5
655.4 236.3
701.3 319.9
614.4 265.4
656.1 344.1
582.7 300.1
610 381.1
559.6 332.3
566.6 423.4
539.2 358.6
529.1 458.8
523.9 381.9
492 491.5
504.7 412.5
450.9 528.2
496.4 432.7
426.3 550.2
498.5 440.5
422.2 554.8
507.8 435.4
438.7 539.5
516.3 422.8
461.7 506.6
524.6 395.6
488.8 456.5
533.8 373.9
-1 -1
543 367.1
542.9 348.8
552.9 380
564 324
549.6 400.1
577.5 336.1
537.8 392.1
582.9 348
-1 -1
586.2 350.3
496.8 252.1
571.4 338.8
467.9 183.8
544 301.1
458.9 130.1
521.5 266.2
488.2 103.5
511.8 240
551.3 124
519.6 225.4
614.2 170.3
555 246.1
666.3 234.3
-1 -1
708.4 310
-1 -1
728.1 371.2
-1 -1
732.8 415.9
638.1 472.5
726.3 444.1
640.5 530
713.9 464.4
654.4 588
713.5 490.6
691.9 640.9
729.5 508.2
752.4 666.3
772.5 514.3
839.1 661.9
823.2 502.2
928.8 623.3
869.9 488.2
1005.8 560.7
906.8 468.5
1055.6 485.9
-1 -1
1064.2 400.4
918.3 439.8
1029.6 331.4
868.1 441.9
956.9 309.4
-1 -1
885.1 338.6
682.6 497.5
796.5 385
550.6 493.3
705.5 429.8
-1 -1
644 456.1
469.3 470.1
-1 -1
479.1 376
-1 -1
-1 -1
-1 -1
-1 -1
-1 -1
-1 -1
586.4 325
-1 -1
617.3 350.5
742.5 247.6
669.1 404.6
792.3 291.6
727.9 452.1
850.1 322.5
784.1 483.1
904.7 356.9
847.8 519.4
958.2 400.8
913.6 566.6
1002.6 446.2
976.4 614.2
1028.1 489
1034.8 656.7
1054 531.1
1102.5 687
1090.1 553.6
-1 -1
1116.5 559.8
-1 -1
1148.1 542.8
-1 -1
1175.4 533.1
-1 -1
1205.6 540.4
-1 -1
1218 539.4
-1 -1
1218.7 543.2
-1 -1
1182.5 545.8
1214.7 396.1
1122.4 562.8
1145.7 411.8
-1 -1
1072 446.7
-1 -1
993.8 486
-1 -1
-1 -1
-1 -1
-1 -1
-1 -1
-1 -1
-1 -1
-1 -1
-1 -1
797.6 528.6
-1 -1
798.1 504.1
822.4 291.4
813.2 473.2
870.2 286
834.5 441.4
921.5 297.1
868.8 411.8
971 307.3
918.1 409.2
1017.2 326.8
968.6 419.5
1056.4 343.1
1014.4 439.2
1089.9 348.6
1056.9 454.3
1122.3 356.1
1104.8 474.6
1152 370.7
-1 -1
-1 -1
-1 -1
-1 -1
-1 -1
-1 -1
-1 -1
-1 -1
-1 -1
-1 -1
-1 -1
1187.7 383.4
-1 -1
1157.6 386
-1 -1
1124.3 385.9
-1 -1
1093.7 379.2
-1 -1
1070.6 382.7
1055.5 335.3
1051.4 394
1028.8 337
1050.4 416.5
1009.9 343.7
1068.5 438
1008.5 356.5
1093.2 462.1
1018.4 379
1130.9 486.7
1045.7 404
-1 -1
1088.5 428.3
-1 -1
1132 446.1
-1 -1
-1 -1
-1 -1
-1 -1
-1 -1
-1 -1
-1 -1
-1 -1
-1 -1
-1 -1
-1 -1
-1 -1
-1 -1
-1 -1
1028.1 174.5
1160.9 235.4
945.5 232.6
1080.5 262.9
902.1 283
1031.1 299.4
881.5 311.9
1004.5 341
880.6 334.3
999.6 358.1
891.2 343.7
-1 -1
905.9 339
1012.6 377.1
924.4 323.9
1002.9 386
919.9 326.2
987 390.5
899.1 326
953.5 394.1
880.7 320.8
894.6 393.9
860 315.7
840.4 382.6
850.5 314.6
800.6 371.4
857.3 331.4
772.9 363
855.7 346.4
758 362
852.1 361.9
748.4 345.9
837.8 371
753.9 325
824.9 374.2
751.8 322.1
796.1 381.3
-1 -1
749.6 385
706.7 307.1
701.4 371.9
675.3 278.8
668.1 343.3
649.3 234.7
640 297.5
639.1 173.1
620 239.8
645.7 106.6
626 199.9
677.4 70.1
661.1 180.6
736.6 65.7
728.9 191
801.5 86
792.2 234.1
854.4 131.7
838.5 287.1
888.9 184
866.1 324.6
906 219
882.6 335.6
910.4 227.9
890.8 317.6
906.4 216.2
888.2 284
889 200.7
877.2 235.9
857.8 213.5
851.8 215.5
824.7 241.9
819.2 246.6
793.4 269.9
784.6 268.5
758.6 308.5
748.4 300.8
721.3 342.9
716.7 320.9
679.4 391
689.6 332
642.4 425.4
670.1 336.7
621.9 437.9
644.7 336.6
599 445.3
608.1 344.7
558.8 460.2
573.1 361.7
509.3 477.8
551.5 383.6
464.4 480.5
543.4 397.1
448.5 470.3
554.9 410.3
465 441.9
576.4 416
502 401.4
597.2 430.1
552.4 352.2
620.3 439.4
604.9 323.6
643.1 444.9
647.4 315.5
656.8 445.7
669.4 317.7
652.2 439.4
669.1 325.1
626.5 427.1
651.1 327.5
587.7 385.1
623.8 314.4
546.5 314
598.9 300.4
-1 -1
581.2 284.4
-1 -1
568.4 273.5
496.5 195.2
568.9 269
503.1 213.9
578.5 259.7
522.4 194.1
597.9 266.4
536.5 162.3
616 232.6
546.3 110
631.3 211
564.9 97.5
650.9 216.8
585.3 142
670.1 254.3
619.1 232
695.1 326.7
659.7 314.4
726.3 427.9
697 408.3
758.1 522.5
734.5 504.5
801.1 595.2
-1 -1
861.6 609.2
846.8 655.2
919.2 593
906.1 664.4
956.4 536.7
937.2 627.1
946.6 463.4
917.8 566.4
873 404.2
877.4 517.9
775.6 395.6
802 511.7
693.9 401
722.9 536.2
610.2 434.1
653 574.5
541.4 474.1
571.7 619.9
477.1 505
474.6 656.8
408.6 523.4
373.9 654.9
-1 -1
-1 -1
-1 -1
288 566
-1 -1
-1 -1
472.6 452.7
-1 -1
525 475.8
-1 -1
573.5 503
462.8 524.3
633.5 540.4
548.7 584.3
716.4 592.9
642.6 650.7
807.8 643
725.7 689.6
887.4 689
814 713.3
973.8 713.7
907.3 731.7
1066.3 724.4
1002.5 752.4
1161.1 723.9
1083.4 761.1
-1 -1
-1 -1
-1 -1
-1 -1
-1 -1
-1 -1
-1 -1
-1 -1
-1 -1
-1 -1
-1 -1
-1 -1
-1 -1
-1 -1
-1 -1
-1 -1
-1 -1
-1 -1
1184.2 299.4
-1 -1
1104.7 366.5
-1 -1
-1 -1
1055.7 644.9
1009.5 594.9
-1 -1
1004.9 684.5
-1 -1
1011.6 731.3
-1 -1
1028.1 730.9
-1 -1
1048.2 696.9
-1 -1
1069.5 641.7
-1 -1
1077.8 587.5
-1 -1
1073.8 544.8
1077.2 341.8
1079 514.3
1086.9 332.8
1094.5 475.3
1104.1 330.2
1120.4 459.4
1120.8 332.3
1146.5 437.8
1128.2 349.1
1166.4 391.2
1134.9 358.9
-1 -1
1147.4 363
1162 277.2
1168.2 373.6
1166.5 250.4
-1 -1
-1 -1
-1 -1
1188.1 326.3
-1 -1
-1 -1
-1 -1
-1 -1
-1 -1
-1 -1
-1 -1
-1 -1
-1 -1
-1 -1
-1 -1
-1 -1
-1 -1
-1 -1
-1 -1
-1 -1
-1 -1
-1 -1
-1 -1
-1 -1
-1 -1
-1 -1
-1 -1
1168.8 214.6
-1 -1
1131.1 259
-1 -1
1101.6 304
-1 -1
1080.6 347.1
-1 -1
1063.7 377.5
-1 -1
1036.5 397.2
1110.2 402.9
997.8 410
1060.6 418.2
952.4 415
1011.8 421.4
907 412.5
971.6 409.8
868.5 397.2
931.6 385.5
829.6 370.2
896.4 356.5
793.5 340
868.1 320.5
763.9 304.7
841.6 271.1
734.7 268.1
813 228.1
703.1 233
791.1 180.8
683.2 212.9
768.4 143.1
668.2 200.9
728.6 111.1
657.9 207.4
670 101.1
651.5 225.5
624.9 113.9
639.4 241.5
609.6 126.7
622.6 252.9
604.1 141.2
582.7 260.5
597.9 158.8
527.8 253.1
581.5 175.6
477.3 236.4
567.2 213.1
432.1 198.8
548.5 251.3
424.2 171.9
526.4 280.3
429.5 166.6
515.1 309.3
447.8 179
-1 -1
499.3 197.1
583.1 343.3
590.5 207
651.5 350.7
667.4 218.9
717.8 358.1
737.2 232.9
770.5 355.3
787.8 235.5
795.4 349.1
810.9 233
809.3 331.4
813.4 224.9
821.2 280.9
811 210
821.1 212.6
809.8 196.5
-1 -1
801.5 156.5
-1 -1
789 121.3
748.2 25.2
772.9 103.5
-1 -1
758.9 96.7
-1 -1
743.5 110.6
683.1 18.9
728.2 161.2
672.6 86.5
706.6 234.3
660.4 160
684.3 309.5
645 233.9
652.7 384.2
618.1 299.9
612.1 438.6
590.9 370.2
579.5 484.7
561.5 402.7
558 502.1
552.2 439.3
558.4 514.4
569.7 462.8
580.4 531.7
602.9 466.7
616.1 537.7
626.2 466.1
646.7 492.4
643 440.3
672.5 458.7
653.8 400.8
698.1 450.6
642.6 343.1
698.9 451.8
634.5 303
683 438.5
626 276
664.5 414.3
630.9 245.8
651 380.6
649.7 214
647 339.8
687 197.8
658.8 312.4
750.4 217.7
690.6 307
816.5 270.8
736.8 338.1
860.1 321.8
795.4 415.1
903.5 382.9
846.1 491.5
940 430.9
897.1 557.9
985.1 474.2
956.8 615.2
1052.1 497.7
1029 647
1120.1 478.4
1125.7 644.3
1166.2 429.6
-1 -1
1190.1 358.6
-1 -1
1168.2 292
-1 -1
1123.9 245
-1 -1
1064.6 247.7
1245.4 263.9
1012.1 254.3
-1 -1
949.2 260.4
1126.3 274.7
875.7 282.3
1049.3 294.8
821.5 304.9
988.8 332.9
802.3 362.6
964 389.6
798.4 465.1
958.5 462.9
805.5 547.9
962.4 548.3
828.8 618.8
984.8 603.2
868 673.7
1022.6 634.5
-1 -1
1059.1 653.3
-1 -1
-1 -1
-1 -1
1128.3 662.8
-1 -1
1184.2 647.2
1108.8 655.2
-1 -1
1140.8 621.4
-1 -1
1158 551.9
1240.6 640.4
1157.2 504
1204.3 625.2
1137.3 478.1
1168.1 612
1120.2 460.2
1127.7 616.4
1095.8 454.7
1099.8 617.4
1077.9 419.4
1076.1 583.8
-1 -1
1062.9 515.4
-1 -1
1054.7 435.7
-1 -1
1066.3 361.7
-1 -1
1080.6 330
-1 -1
1104.1 312
-1 -1
1134.6 317.9
-1 -1
1150.2 337.1
-1 -1
1158.1 362.7
-1 -1
1165.3 384.4
1162 285.8
1169.6 401.8
1155.9 314.9
1170.5 412.9
1160.1 330.9
-1 -1
1166.8 329.4
-1 -1
1169.6 326.3
1167.5 375
-1 -1
-1 -1
-1 -1
-1 -1
-1 -1
1138.2 334.1
-1 -1
1163.4 362.4
-1 -1
1210.5 413.9
-1 -1
-1 -1
-1 -1
-1 -1
-1 -1
-1 -1
-1 -1
-1 -1
-1 -1
-1 -1
-1 -1
-1 -1
-1 -1
-1 -1
1071.9 297.8
1168.6 392
991.3 328.4
1078.6 418.4
928.6 349.1
1009.9 433.4
883.1 343.1
951.5 429.5
839.9 321.5
896.5 409
798.1 293
845 383
767 266.4
782.5 346
746.6 238.1
731.4 300.1
733.3 210.6
686.6 246.4
719.6 177.5
649.8 173.3
716.3 138.2
636 94.3
733.1 98.2
651.2 22.6
770.6 68.4
-1 -1
808.5 76.4
-1 -1
859.9 121.3
-1 -1
920.9 176
859.7 52.3
981 216.6
917.4 107.7
1029.4 224.5
953.2 142.7
1069.8 170.2
972.9 148.8
-1 -1
981.2 137
-1 -1
979.6 127.1
-1 -1
981 145.5
977.3 66.2
958.6 188.1
956 129.1
922.6 245.1
920.6 179.7
879.2 291.5
877.5 232.6
830.5 341
825 279.3
770.2 383.9
762.8 300
713.4 406.9
703.6 297.1
650.5 407.6
649.4 273.3
577.3 382.9
595.4 245.1
510.8 353.8
570.4 220.8
461.9 317.7
581.4 210
449.2 266.8
612.1 213.5
482.2 237.5
653.2 244.5
540.5 247.8
690.3 291
602.7 290.4
713 328
657.5 326.5
714.4 327.8
684.9 344.1
706.6 333.2
-1 -1
701.3 307.3
697.5 355
685.9 261.7
689 341.1
666.3 233.7
677.1 327.1
641.9 262.8
654.5 349.5
622.6 316.2
628.9 403
597.1 357.6
598 448.6
554.6 400.4
559.7 464.9
497 449.5
504.1 492.9
451.2 511.7
458.3 546
418.3 571.4
-1 -1
400.7 583.3
423.7 610.1
-1 -1
431.7 556.9
-1 -1
-1 -1
-1 -1
436 336
-1 -1
-1 -1
323.6 175.6
387.9 144.8
-1 -1
-1 -1
358.8 228.3
471.5 261.2
402.1 300.2
-1 -1
434.8 352
538.1 440.7
488.9 355.6
550 486
560.8 355.4
587.9 495
622.9 357.3
652 497.9
663.1 379
718.4 519.3
713.3 404.3
795.6 535.5
777.6 413.8
881.9 529.1
839.1 410.2
959.6 506.8
884.3 428.7
1026.1 465
921.2 469
1057.4 434.5
927 512.5
1046.6 438.3
903.2 563.6
1009.1 470.5
844.2 616.1
951.9 522.5
-1 -1
861.8 573.8
-1 -1
-1 -1
560.7 716.5
718.1 676.7
541.9 705.8
703.3 708.6
581.7 655.7
-1 -1
655.6 589.6
768.5 694
767 503.9
827.2 646.1
891.4 445.7
910.8 600.3
989.6 421.1
1016.6 570.8
1067.7 401.5
1102.7 544.7
1131.4 377.8
1150.2 522.3
1126.1 390.7
1199.1 494
1117.6 398.4
1205.1 478
1092.8 425.1
1206.9 424
1090 400
1201 388
-1 -1
1205.1 363.5
1108.5 418
1201.5 346.9
1100.5 413
1179.4 316.5
1066.5 410.1
1134.9 303.1
1025.4 429.5
1074.5 304.4
983.9 451.1
1028.1 337.9
974.3 495
1000.4 374.1
969.3 535.8
992.5 436.2
991.5 572.1
1004 489.4
1015.5 605.7
1007.3 524.4
1020.6 594.2
-1 -1
-1 -1
973.7 516
-1 -1
994.6 425.9
-1 -1
1035.7 297.7
-1 -1
-1 -1
-1 -1
-1 -1
-1 -1
1013.5 356.7
-1 -1
986.5 555.9
947.1 528.2
1002.1 669.3
991.4 608.3
1022 675.3
1045.7 641.2
-1 -1
1066.5 617.5
1002.9 559.4
1059 595.7
978.7 486.5
1025 542.4
953.6 430.6
980.8 501.7
918.4 387.3
952.3 480.4
896 369.3
951.8 473.6
896 380.6
969.5 470
905.6 380.4
987.4 458.6
917.2 373.2
1001.7 450.2
929 368.5
1022.8 424.2
942.7 344.1
1007.7 392.9
926.4 311.1
995.1 351
906.6 288.2
970.7 317.9
886 290.8
963 327.4
877 295
970.8 343.8
878 309.3
976.3 345.1
880.7 301.1
975.9 325.4
878.9 276.6
984.8 270.6
878.5 244
990.5 211.2
875.5 187.6
1004.7 157.1
882.5 129.1
1024.9 128
904.5 79.4
-1 -1
933.1 71.1
1062.3 194.7
957.4 124.3
1066.4 258.1
960.2 210.9
1052.4 301.1
946 274.7
1048.5 319.9
947.8 298
1023.9 343.1
925.6 324.9
963.9 382.3
868.9 358.9
896.7 405
800.4 382.4
832.8 423.4
737.1 394.1
774.2 433
680.8 395
718.8 428.4
624.9 380.9
681 401.3
579.9 352.6
658.6 369.7
552.9 317.9
-1 -1
548.9 279.6
673.4 276.7
548.9 256.3
689.7 225.2
564 220.5
711 139.1
595.4 164.2
729.5 56.9
640.9 104.4
-1 -1
693.2 91.4
-1 -1
734.4 105.1
-1 -1
753 123.5
704.6 39.9
750.9 157.4
694.1 87
736.6 198.1
691.1 141.6
714.6 257.1
678 195.2
688.6 307.4
653.7 244.3
649.5 356
625.6 292.1
610.2 401.6
591.2 336.1
570.5 445.3
548.2 370.3
519 486
508.1 395.4
462 516.6
484.2 409.3
427 533.4
472.7 421.8
401.6 539.5
465.5 428
380.2 528.9
459.3 407.7
362.4 487.6
461.5 359
356 418.8
464 302.5
348.7 341.5
474.4 269.9
338.8 266.4
-1 -1
-1 -1
-1 -1
-1 -1
-1 -1
-1 -1
606 304.5
533.7 125.4
645.7 378.5
592.1 214.4
663.4 431.7
618.6 276.9
650 452.6
607.6 307.2
617.4 458.2
589.8 319.1
573.2 436.6
575.8 317.6
522.1 399.5
543.2 294.6
459.1 354.4
506.4 266.3
442.3 322.7
458.5 207.8
434 272.8
476.7 173.1
-1 -1
532.4 152.4
-1 -1
607.1 152.1
657 269.9
714.1 170.2
763.4 284.9
828.5 194.8
864.4 319.2
936.3 230.1
956 349.7
1039.5 263.8
1021.7 352.3
-1 -1
1070.2 399
-1 -1
1131.7 514.5
1191.1 373
1185.1 641.7
1250 496.9
-1 -1
-1 -1
-1 -1
-1 -1
-1 -1
-1 -1
1222.5 693
1244.6 530.2
-1 -1
1125.3 480
-1 -1
1013 458.1
-1 -1
922.4 442.5
-1 -1
841.1 419.2
655.2 529.4
792 406
671 551.4
815.1 442.1
701.7 561.6
857.3 536.4
704.1 578.9
855.3 538.3
-1 -1
840.4 483.9
-1 -1
856.5 421.5
-1 -1
-1 -1
-1 -1
-1 -1
915.4 376.2
1025.8 382.1
974.8 442.2
1081.9 414.8
1034.4 507.9
1127.1 442.4
1103.1 564
1176.8 471.9
1158.1 560.2
1231 472.6
-1 -1
1280.7 430.9
-1 -1
1308.6 349.5
-1 -1
1300.6 265.6
-1 -1
-1 -1
1209.6 414.1
1222.8 278.4
1183.9 492.1
1183.8 354.2
1188.8 568.9
1173.2 429.8
1203.1 623.6
1178.8 469.4
1223.1 636.6
1181.6 470
-1 -1
1187.7 471.2
-1 -1
-1 -1
-1 -1
-1 -1
-1 -1
-1 -1
-1 -1
-1 -1
-1 -1
-1 -1
-1 -1
-1 -1
-1 -1
-1 -1
-1 -1
-1 -1
-1 -1
-1 -1
1239.6 404.8
-1 -1
1207.9 358.1
1154.4 425.8
1171.7 294.6
1128.1 384
1123.4 252.9
1092.1 356.5
1064.1 259.5
1035.4 346.4
1009 262.7
988.4 337
972 255.6
946.4 306.5
941.5 261.7
907.6 269.1
909.5 275.8
872.8 227.1
887.2 266.9
848.3 188.2
875.7 257
849 146.5
866.1 271.1
860.6 152
861 312.9
854.1 197.6
874.9 353.9
858.9 243.5
907 380.3
880.1 273.4
950 391.8
915 286.7
1013.5 387.9
953.2 291.6
1076.5 355.2
1001.1 274.1
-1 -1
1020.5 241
-1 -1
1032.3 206.5
-1 -1
1033.4 191
1094.4 127.9
1010.2 218.8
1011.4 132.9
975.2 256.8
940.5 145.3
951.6 269.6
876.2 173.2
926.1 282.6
843 196.6
878.5 311
818.6 212.7
841 327.9
796.6 237.5
811 350.2
788 271.9
776.5 382.8
775.6 313.8
725.4 416
754.3 354.9
664.3 434.3
732.6 387.9
616.8 433.5
701.1 417.1
576.5 432.5
649.2 446.5
522.4 432.3
589.9 457.5
470 410.1
535 454.3
471 344.6
-1 -1
513.1 288
459.9 408.4
521.6 271.1
-1 -1
509.2 283.7
-1 -1
504.3 259.6
-1 -1
513.2 249.6
-1 -1
527.5 259.8
-1 -1
550.5 283.2
519.3 155.9
589.8 296.2
580.8 199
633.1 308.2
633 237.4
655.2 322.3
651.6 267.5
644 328.2
648.9 304.3
-1 -1
636.6 313.2
581.7 254.7
620.9 291.1
561.9 177.5
595.5 253.5
554.2 131.9
559.9 233.9
551.6 132.3
539.2 232.1
571.9 177.2
546 243.1
617.1 268
576.2 294.6
652.1 343
600.6 367.9
678.3 387.7
628.4 405.9
710.3 454.4
670 407.7
738.9 514.4
728.9 398.7
776.5 537.9
804.6 376.9
815.6 526.8
857.8 344.3
882.3 506.3
913.9 315.3
950.8 488.4
-1 -1
1024.2 472.6
-1 -1
1125.4 478.5
1085.4 362.5
1208.7 488.8
1100.4 419.3
-1 -1
1130.2 403.3
1176.6 572.3
1141.9 447.2
-1 -1
1158.4 473
1079.4 594.4
1167.7 469.2
-1 -1
1171.7 476.9
1043.1 527.2
1146 504.4
1011 476.2
1092.5 499.3
972.9 435.9
1023.5 485.4
935 379.5
964.4 457.7
908.6 330.9
914.4 420.7
877 285.2
873.2 375.9
857.1 235.6
868.5 329.8
863.2 187.6
919.5 288
882.1 145.9
991.8 215.8
902.7 97.5
-1 -1
906.1 50.8
-1 -1
-1 -1
-1 -1
947 158.7
956.6 91.3
989.4 239.1
1015.8 180.6
1052.5 333.8
1083.7 271.2
1126.4 432.1
1132.9 326.2
1188.3 490.1
1144.7 311.4
-1 -1
1142.1 288.5
1227 377.6
1125.9 296.5
-1 -1
1085 295.7
1139 185.4
1016.1 289.5
1080.3 205.5
945.7 326.7
1027.8 283.5
864 362.2
961.4 394.4
796.5 378.9
875.9 473.9
745.6 380.9
-1 -1
733.5 363.4
740 488.1
753.1 326.6
722.9 442
811.3 313.3
-1 -1
873.4 345.8
752.8 365.4
936.6 389.7
818.4 428
996.6 457.8
877.5 506.7
1065.5 534.9
933.6 573.5
1144 567.3
1015.5 637.9
1215.2 550.5
-1 -1
1236 510.8
1205.7 665.9
1241.3 510
-1 -1
-1 -1
-1 -1
-1 -1
-1 -1
-1 -1
-1 -1
1271.8 509.7
-1 -1
1215.1 531
-1 -1
1151.9 577.6
1251.4 438.1
1102.5 662.9
1163.4 511.3
-1 -1
1125.5 594.3
-1 -1
1085.5 623.8
-1 -1
1045.3 636
930.4 527.4
-1 -1
950.8 468.8
1005.8 585.8
1009.2 410.9
1029.8 561
1050.5 416.4
1078.5 553.5
1093.8 442.8
1136.2 557.2
1137.1 454.6
-1 -1
1167.1 443.1
-1 -1
1173.1 393.2
-1 -1
1165.1 335.5
-1 -1
1152.9 252.9
-1 -1
-1 -1
-1 -1
-1 -1
-1 -1
-1 -1
-1 -1
-1 -1
-1 -1
1079.4 183.1
1146.1 168.6
1066.4 344.4
1128.2 295.9
1099.7 466.5
1155.8 400.8
1174.7 540.1
1215.8 440.3
-1 -1
-1 -1
-1 -1
-1 -1
-1 -1
-1 -1
-1 -1
-1 -1
-1 -1
-1 -1
-1 -1
-1 -1
-1 -1
1221 302.5
-1 -1
1140.7 331.5
1015.9 223.3
1088.4 343
959.1 252.1
1036 356
921.3 273.6
978 383.3
892.3 284.3
929.5 390.4
861 272.8
882.4 371.9
832.4 253.4
825.4 338.9
825.9 262.2
765.1 268.2
800.3 262.5
733.8 196
781.4 225
-1 -1
776.9 167.6
754.6 41.7
783.5 97.2
-1 -1
805.8 34.1
-1 -1
-1 -1
-1 -1
-1 -1
-1 -1
-1 -1
1045.7 51.6
948.4 75.3
1058.9 132.8
952.8 170.7
1060 187.2
955.9 256
1051.9 222.5
961.5 308.1
1042.1 239.6
969.8 328.4
1029 229.1
977.3 321.2
977.9 209.9
952.5 307.3
908.2 223.5
905.8 299
832.5 239.8
850.2 290.9
748.4 264.5
784.5 319
677.3 278.8
726.1 356.3
628.1 292.9
704.3 348.1
585.7 345.1
674.6 388.1
558.5 379.3
654.4 424.6
537.9 440.4
635.1 459.3
526.8 474.9
613.8 476.1
517.7 489.4
615.1 475.7
534.3 484.9
649 440.1
575.1 463.8
675.5 371.1
615.2 408.5
668.4 294.6
625.5 314.9
647 212
-1 -1
615.6 162.3
595.6 216
593.6 170.2
605.9 293.6
597.1 259.1
603.5 393.8
588.4 342.7
578.2 474.3
569.9 378
553 509.9
564.5 413.5
546.5 543.1
557.9 402.8
547.1 535.6
537.9 346.1
552.9 469.2
516.2 306.7
553.5 410.5
500.9 300.3
551.3 410.2
506.4 333
557.9 446.9
520.9 367.5
567.4 487.3
528 409.5
587.2 513.4
546.4 467
622.5 525.5
582.3 535
663.9 523
617.5 560.6
699.3 521.7
663.7 574.2
721.6 483.2
732.9 569.5
721 426.6
801.7 509.6
723.7 375.9
818.1 427.3
729.1 293.1
790.9 336.7
707 194.5
726.5 258.1
680.2 109.3
665.4 215.8
706.1 85
636 191.2
789.6 150.5
663.7 190.8
820.1 276.1
704.7 297.3
865.8 356.4
759.9 407.9
917.6 460.4
827.3 525.9
989 524.5
853.8 583.6
1016.1 570
-1 -1
1049.4 622.5
-1 -1
-1 -1
-1 -1
-1 -1
1096.7 670.8
1247.7 588.9
1107.4 615
1249.6 516.7
1142.2 558.6
1251.4 424.7
1222.8 483.9
1243 327
1240.6 408.7
-1 -1
1219.7 336.1
-1 -1
1167.2 294.9
-1 -1
-1 -1
-1 -1
-1 -1
1087.5 206.3
-1 -1
1002.3 335.9
-1 -1
-1 -1
-1 -1
927.9 669.9
-1 -1
975.6 767.2
-1 -1
1026.7 782
1013.9 623.7
1066.2 726.6
1057.6 581.5
1110.3 674.3
1107.3 537.6
1159.2 621.9
1158.8 491.9
-1 -1
1194.6 450.1
-1 -1
-1 -1
-1 -1
-1 -1
-1 -1
-1 -1
-1 -1
-1 -1
-1 -1
-1 -1
-1 -1
-1 -1
-1 -1
-1 -1
-1 -1
-1 -1
-1 -1
-1 -1
-1 -1
1212.3 297.2
-1 -1
-1 -1
-1 -1
1249.4 514.1
-1 -1
-1 -1
-1 -1
-1 -1
-1 -1
-1 -1
-1 -1
-1 -1
-1 -1
1331.1 316.9
-1 -1
-1 -1
1128 226.4
1150.5 365.6
1061 269.5
1081.6 419.5
997.9 329.6
-1 -1
952.7 370.5
999.5 463.8
928.6 378.1
966.9 450.8
901 373.7
917.3 417.1
857.5 336
-1 -1
820 249.3
-1 -1
804.8 157.9
-1 -1
797.7 112.7
855.5 143.5
789.4 103.8
850.8 194
774.6 149.4
856.1 274.9
769 236.2
879 361.9
784.1 316.5
937.5 393
832 367
1013.7 381.8
899.1 379.4
-1 -1
964.7 352
-1 -1
1021.6 312
-1 -1
1047 264.1
1075 142.3
999.9 243.4
986.6 164.4
904.3 261.7
889.8 209.6
802.4 297.5
807.1 241.5
720.1 320.5
739.9 251.9
648.7 318.5
677.1 226.5
588.6 296.7
646.2 197.2
536.6 248
-1 -1
523.6 199.8
679.6 98.5
557.3 156.4
760.4 111.3
625.5 126.4
837.4 155
719.9 175.7
889.5 212.5
797.9 273.4
911.5 272
838.4 359.6
900.6 323.1
829.9 411.9
866.1 367.1
790.4 449
816.7 400.9
-1 -1
767.7 425.6
673.1 494
716.4 427.6
613 503
652.5 445.5
533.8 516.9
574.8 470.9
442 541.6
510.1 505.5
357.1 561.6
490.6 536.5
-1 -1
534.1 545.9
-1 -1
616.3 537.3
498.5 578.3
688.8 528.9
621.2 572.8
735.7 499.4
702.6 562.8
753.9 470.7
750.6 535.7
764.5 435
765.4 528.5
744.5 397.6
-1 -1
695.9 368.2
695.9 482.9
650.7 330.9
669 444.9
625.2 269.3
646.5 390
600.5 221.9
633.5 348.3
571.4 181.3
617.9 314.8
557.7 161
606.9 298.3
573.9 200.1
612.7 337.5
611.4 285.9
626.3 419.5
640.5 371.5
623.5 492.6
655 415.9
624.3 531.6
642.7 408.9
606.9 521.5
601.5 379.1
563.6 487.1
523.7 341.4
501.6 456.2
418.6 323.6
434.6 447.1
364.7 339
368.9 465
329.2 375.2
348.9 503.6
350.9 426.7
380.9 553.9
455.3 473.2
495.9 597.4
583.1 501.8
625.4 624
704.6 495.9
749.5 619
800.7 468.1
860.7 589.3
878.8 439.7
995.2 526
955.8 375.4
-1 -1
1024.5 280.2
-1 -1
-1 -1
-1 -1
-1 -1
-1 -1
-1 -1
-1 -1
-1 -1
-1 -1
-1 -1
-1 -1
-1 -1
-1 -1
-1 -1
-1 -1
-1 -1
1262.7 355.1
-1 -1
1142.6 387.3
-1 -1
-1 -1
-1 -1
988 509.4
-1 -1
946.6 537.1
-1 -1
896.3 569.2
-1 -1
-1 -1
-1 -1
833.5 627.8
-1 -1
868.3 646.9
-1 -1
896 664
-1 -1
904.6 683.1
-1 -1
933.1 722.9
1007.8 561.5
1001.1 753.8
1064.1 573.9
1082.1 747
1112.3 556.9
1146.7 706.9
1144.6 515.5
-1 -1
1170.6 473.6
-1 -1
1202.2 422.8
-1 -1
1225.2 382
-1 -1
1228.8 346.6
-1 -1
-1 -1
-1 -1
-1 -1
-1 -1
-1 -1
-1 -1
-1 -1
-1 -1
-1 -1
-1 -1
-1 -1
-1 -1
-1 -1
-1 -1
-1 -1
-1 -1
-1 -1
-1 -1
1214.8 325.7
-1 -1
-1 -1
-1 -1
-1 -1
-1 -1
-1 -1
-1 -1
-1 -1
-1 -1
-1 -1
-1 -1
-1 -1
-1 -1
-1 -1
-1 -1
-1 -1
-1 -1
-1 -1
1232.5 418.3
1145.6 307.2
1157 438.7
1075.5 326.4
1079.1 441.4
1026.9 349
-1 -1
981.7 365.9
930.2 398.7
944.9 366.9
872.1 341.9
912.1 352.1
836.2 285
872.4 325.7
810.8 226.7
813.2 282.9
796.1 160.9
761.5 221.1
786.4 106.4
729.3 171.7
772.3 60.2
704.5 118.4
775.6 31.2
705.6 86.1
795.3 9.2
723.7 65.8
837.4 19.8
