2000
-1 -1
-1 -1
-1 -1
-1 -1
838.449 136.734
-1 -1
812.451 169.879
-1 -1
779.954 210.985
794.344 332.196
750.951 256.03
-1 -1
725.311 293.56
726.506 404.187
698.215 327.937
682.281 435.519
674.238 361.945
647.533 466.805
665.167 381.979
-1 -1
662.076 402.672
607.825 501.275
657.268 430.487
593.405 519.447
654.001 461.971
-1 -1
654.208 481.617
-1 -1
654.409 499.146
-1 -1
653.671 521.342
-1 -1
660.572 538.639
-1 -1
682.267 537.002
-1 -1
712.917 511.144
739.335 422.348
729.6 486.954
764.355 409.579
723.646 449.379
771.011 399.165
703.037 398.065
762.95 386.173
686.8 331.009
752.524 367.247
678.204 274.069
-1 -1
-1 -1
739.667 316.207
-1 -1
744.015 299.983
720.896 168.706
-1 -1
759.502 166.431
-1 -1
796.938 189.431
784.398 290.718
822.979 231.422
791.735 318.443
830.898 283.479
789.283 362.535
829.508 329.183
786.028 411.425
813.386 361.988
770.071 452.944
786.828 406.39
-1 -1
757.469 458.99
706.276 561.422
734.915 507.962
690.937 628.593
729.92 546.277
693.782 683
729.486 578.05
-1 -1
743.449 616.793
746.818 779.558
762.389 638.607
796.672 798.402
777.56 642.314
847.096 784.517
785.02 630.022
887.438 743.065
791.378 611.002
920.805 682.946
785.034 578.014
929.06 613.189
772.997 554.99
919.563 541.609
765.583 542.91
-1 -1
771.582 555.124
884.11 458.046
761.456 583.487
864.15 472.647
717.971 589.494
837.407 492.991
-1 -1
812.902 502.499
616.982 451.98
-1 -1
604.994 373.082
-1 -1
634.979 300.759
698.947 445.209
716.555 252
698.223 415.458
825.826 252.217
725.93 389.972
908.026 280.308
789.583 394.316
962.963 327.419
843.151 428.39
1008.42 384.087
888.886 472.535
1037.16 431.482
923.51 521.102
1050.97 469.467
954.029 575.476
1057.87 494.561
990.423 622.153
1066.03 514.564
1044.37 658.107
1081.87 533.567
1106.53 672.225
1101.97 539.367
1163.75 653.419
1133.23 523.964
1221.12 601.61
1160.53 492.958
-1 -1
1180.04 465.302
-1 -1
1190.99 438.908
1293.29 395.23
1192.02 422.076
1279.93 337.727
1184.01 415.933
1247.5 301.548
1160.38 432.971
1202.65 303.961
1132.57 478.056
-1 -1
1100.53 542.05
-1 -1
1073.99 582.94
-1 -1
1069.78 622.629
1063.91 523.616
1063.01 586.326
-1 -1
1047.86 486.013
-1 -1
1053.58 352.665
1039.3 485.225
1073.69 263.464
-1 -1
-1 -1
1064.46 406.349
1119.48 255.846
1094.04 418.08
1142.96 294.037
1124.92 449.28
1175.49 318.08
1160.61 469.032
1202.42 329.059
1190.47 474.92
1226.93 342.587
1217.39 483.11
1248.32 362.473
1245.24 497.023
1267.72 383.115
1271.61 510.514
1286.14 404.957
1297.47 521.72
1297.51 427.472
-1 -1
1300.19 435.571
-1 -1
1302.73 435.37
-1 -1
1298.42 419.513
-1 -1
1285.95 411.998
-1 -1
1267.71 417.775
1271.35 346.948
1244 421.694
-1 -1
1220.27 431.43
1209.8 325.278
1201.89 444.97
1185.57 337.599
1193.46 470.451
1172.38 361.866
1204.05 510.052
1170.32 398.773
1238.43 550.501
1182.3 438.606
1308.44 565.459
-1 -1
-1 -1
-1 -1
-1 -1
1290.97 502.644
-1 -1
1312.03 488.594
1353 334.917
1303.82 472.325
1250.38 317.794
-1 -1
1172.96 314.721
1214.47 453.993
1106.49 317.133
1179.52 433.949
1062.96 328.638
-1 -1
1041.65 335.177
1122.25 407.998
1033.98 345.957
1111.29 411.387
1033.24 353.907
1106.8 419.613
1038.09 352.706
1109.47 423.608
1049.03 351.651
1117.99 429.618
-1 -1
1118.48 441.512
1065.51 364.459
1124.29 443.903
-1 -1
1109.49 443.519
-1 -1
-1 -1
-1 -1
-1 -1
-1 -1
-1 -1
1036.44 365.464
-1 -1
-1 -1
-1 -1
-1 -1
-1 -1
-1 -1
-1 -1
-1 -1
-1 -1
-1 -1
-1 -1
-1 -1
-1 -1
-1 -1
-1 -1
-1 -1
-1 -1
-1 -1
-1 -1
-1 -1
-1 -1
-1 -1
-1 -1
-1 -1
-1 -1
-1 -1
-1 -1
-1 -1
1144.42 338.551
-1 -1
1150.52 296.543
-1 -1
-1 -1
-1 -1
-1 -1
-1 -1
1109.34 243.275
-1 -1
-1 -1
-1 -1
-1 -1
-1 -1
998.504 327.509
-1 -1
-1 -1
-1 -1
-1 -1
-1 -1
-1 -1
-1 -1
-1 -1
816.054 404.972
-1 -1
-1 -1
-1 -1
-1 -1
-1 -1
-1 -1
-1 -1
729.048 428.24
-1 -1
716.491 432.381
651.496 518.476
715.495 448.554
633.024 521.461
-1 -1
628.125 525.238
702.053 484.026
-1 -1
684.955 501.886
-1 -1
678.099 510.007
-1 -1
671.716 525.32
-1 -1
664.42 542.253
662.189 464.806
663.159 539.7
-1 -1
678.473 509.876
-1 -1
694.453 459.98
690.586 318.014
714.641 391.859
707.9 239.528
742.511 340.866
733.58 193.915
774.909 308.498
762.445 182
800.486 306.904
776.533 194.842
810.831 339.504
779.588 235.952
806.703 386.498
-1 -1
784.857 423.538
755.045 319.697
747.024 440.095
732.225 331.846
716.459 427.565
721.968 322.74
697.339 398.059
725.755 308.019
675.531 355.434
737.573 325.121
655.961 340.895
728.672 359.02
-1 -1
709.819 396.942
604.796 418.691
680.244 452.255
-1 -1
660.805 501.9
-1 -1
-1 -1
-1 -1
-1 -1
-1 -1
-1 -1
679.442 508.111
-1 -1
721.899 514.647
740.05 659.32
752.071 534.499
-1 -1
769.406 561.002
834.686 683.416
788.992 573.972
875.957 660.248
815.406 577.053
915.362 606.178
844.518 569.078
943.937 541.923
878.589 568.156
952.476 473.234
900.114 565.664
939.562 434.063
891.858 567.696
901.974 427.49
848.137 578.781
841.063 439.617
766.475 598.476
773.563 465.194
677.498 619.488
701.945 490.495
-1 -1
-1 -1
-1 -1
-1 -1
-1 -1
-1 -1
-1 -1
-1 -1
-1 -1
-1 -1
-1 -1
-1 -1
-1 -1
716.194 427.268
-1 -1
762.932 375.736
676.313 259.242
810.135 339.742
764.945 229.978
883.215 327.538
839.983 264.923
-1 -1
908.444 344.554
-1 -1
-1 -1
-1 -1
1025.41 477.078
-1 -1
1084.32 541.003
-1 -1
1154.4 591.293
-1 -1
1222.05 593.013
1313.19 491.623
1259.96 570.963
1303.49 446.491
1255.91 535.973
1251.06 410.949
1214.98 507.905
1165.82 399.748
-1 -1
-1 -1
1096.97 526.941
1013.49 474.052
1040.47 588.484
-1 -1
1006.31 659.948
931.872 614.816
985.471 743.077
915.956 676.935
975.56 827.551
910.956 726.515
969.084 877.05
913.274 717.455
978.497 855.443
938.048 668.082
-1 -1
976.797 624.745
-1 -1
1014.12 583.808
-1 -1
1042.55 582.827
1091.46 617.374
-1 -1
1136.12 618.718
-1 -1
1191.02 629.043
-1 -1
1237.99 641.616
-1 -1
1266.18 637.629
-1 -1
1293.98 620.429
-1 -1
1322.91 597.041
-1 -1
1345.19 578.523
-1 -1
1352.34 563.585
-1 -1
1350.08 549.006
-1 -1
1338.71 528.963
-1 -1
1318.43 497.345
1300.68 398.409
1295.51 459.555
1280.53 359.559
1270.5 413.507
-1 -1
1244.44 358.554
-1 -1
-1 -1
-1 -1
-1 -1
-1 -1
1195.12 288.158
1244.29 262.468
1200.63 339.566
-1 -1
1220.44 421.53
-1 -1
-1 -1
-1 -1
-1 -1
-1 -1
-1 -1
-1 -1
-1 -1
-1 -1
-1 -1
-1 -1
-1 -1
-1 -1
-1 -1
1366.14 439.833
-1 -1
1310.46 429.222
1237.34 306.028
1251.91 423.552
1154.52 315.09
-1 -1
1078.53 326.726
-1 -1
-1 -1
-1 -1
-1 -1
-1 -1
-1 -1
-1 -1
-1 -1
-1 -1
-1 -1
-1 -1
-1 -1
-1 -1
-1 -1
-1 -1
-1 -1
-1 -1
-1 -1
-1 -1
-1 -1
-1 -1
1161.22 428.44
1096.76 396.358
-1 -1
-1 -1
1207.14 320.891
-1 -1
-1 -1
-1 -1
-1 -1
-1 -1
-1 -1
-1 -1
-1 -1
-1 -1
-1 -1
-1 -1
1119.12 180.22
1057.75 235.034
-1 -1
-1 -1
1059.24 267.649
-1 -1
-1 -1
-1 -1
-1 -1
948.506 400.504
-1 -1
-1 -1
-1 -1
-1 -1
-1 -1
-1 -1
-1 -1
-1 -1
-1 -1
-1 -1
-1 -1
-1 -1
-1 -1
-1 -1
745.011 428.078
-1 -1
739.652 383.516
640.305 419.848
731.991 344.926
-1 -1
725.558 300.815
-1 -1
719.376 264.942
-1 -1
694.552 238.83
641.471 363.987
-1 -1
-1 -1
-1 -1
645.464 405.986
-1 -1
-1 -1
-1 -1
-1 -1
-1 -1
-1 -1
652.742 335.936
-1 -1
675.601 378.368
-1 -1
692.564 423.822
-1 -1
704.014 461
-1 -1
720.996 494.977
665.593 358.14
750.005 513.978
725.007 360.065
779.043 504.56
768.054 349.681
791.578 492.963
781.515 347.952
790.918 486.939
779.787 352.552
775.243 476.427
762.341 351.415
750.32 470.655
735.475 350.527
714.166 457.595
718.115 345.019
668.701 412.249
710.339 331.76
626.481 346.586
702.556 318.265
-1 -1
-1 -1
-1 -1
-1 -1
-1 -1
-1 -1
-1 -1
697.381 220.855
-1 -1
-1 -1
-1 -1
-1 -1
805.947 201.795
854.861 343.444
849.071 273.543
893.605 415.917
867.247 349.374
928.042 488.635
852.019 429.912
945.878 551.433
-1 -1
950.264 609.538
800.117 572.429
938.016 639.957
810.457 614.145
961.247 645.492
863.039 618.629
1015.88 636.99
923.475 592.041
1073.52 609.496
959.933 575.406
1107.46 545.045
964.375 542.112
1111.02 505.391
937.51 504.893
1087.5 499.468
891.901 459.666
1024.08 518.65
862.548 426.071
-1 -1
832.061 405.623
-1 -1
825.427 374.048
-1 -1
834.301 334.831
810.454 476.447
862.959 307.52
808.551 444.012
919.17 308.517
836.555 425.872
979.309 337.861
882.554 434.478
1019.08 368.037
954.35 482.773
1067.04 402.711
-1 -1
1112.39 424.793
-1 -1
1158.28 438.746
1159.35 557.097
1214.19 428.15
1222.93 542.745
1256.39 391.289
-1 -1
1272.33 346.538
1324.89 435.209
1278 295.055
-1 -1
1258.46 256.871
-1 -1
1231.18 234.519
-1 -1
-1 -1
-1 -1
1186.53 259.532
-1 -1
1167.51 274.998
-1 -1
1151.93 304.544
-1 -1
1150.45 329.96
-1 -1
1156.58 379.264
-1 -1
1178.57 460.916
-1 -1
1217.91 516.374
-1 -1
1269.51 549.956
-1 -1
1327.03 560.6
-1 -1
-1 -1
1320.6 504.821
-1 -1
-1 -1
-1 -1
1338.24 491.53
1372.73 520.441
1320.98 476.068
1334.41 491.83
-1 -1
1308.19 471.018
-1 -1
1290.1 425.985
-1 -1
1273.42 398.665
-1 -1
1271.81 384.363
-1 -1
1285.36 370.633
1282.21 479.556
1294.14 368.541
1292.02 481.051
1300.38 345.077
1290.18 462.611
-1 -1
-1 -1
-1 -1
1305.72 356.995
-1 -1
-1 -1
-1 -1
1255.26 291.604
-1 -1
1211.6 286.215
-1 -1
1167.95 296.314
-1 -1
1129.61 315.335
-1 -1
1097.03 340.115
-1 -1
1075.41 361.44
1056.91 289.966
1046.08 381.001
1048 315.043
-1 -1
1047.94 326.644
-1 -1
1046.21 325.116
-1 -1
-1 -1
-1 -1
1064.47 326.526
-1 -1
1088.24 329.999
-1 -1
-1 -1
-1 -1
1158.08 367.701
-1 -1
1202.62 383.434
-1 -1
1244.24 376.972
-1 -1
-1 -1
1197.04 377.981
-1 -1
1205.66 367.466
-1 -1
1218.67 338.514
-1 -1
-1 -1
-1 -1
1193.47 294.983
1095.05 259.886
-1 -1
-1 -1
-1 -1
-1 -1
-1 -1
-1 -1
-1 -1
-1 -1
-1 -1
735.019 436.3
-1 -1
685.406 425.31
-1 -1
666.928 406.99
-1 -1
664.073 379.634
-1 -1
671 349.623
-1 -1
673.252 315.766
-1 -1
680.398 271.989
-1 -1
706.88 222.597
-1 -1
744.615 185.063
-1 -1
782.09 185.306
-1 -1
823.26 220.086
-1 -1
856.723 258.466
-1 -1
-1 -1
-1 -1
870.02 288.936
-1 -1
-1 -1
-1 -1
835.264 171.844
-1 -1
799.436 138.495
-1 -1
774.311 125.598
807.144 233.137
775.943 163.188
-1 -1
781.027 223.486
-1 -1
776.537 275.727
788.215 389.077
-1 -1
782.328 447.913
783.152 385.416
-1 -1
782.359 418.053
769.552 545.89
774.424 427.921
764.357 564.164
764.914 414.489
760.159 556.463
764.4 392.149
-1 -1
774.953 367.024
780.828 500.489
786.355 350.518
804.907 437.279
791.486 349.022
-1 -1
796.984 374.569
-1 -1
786.552 420.945
-1 -1
750.538 464.81
827.768 456.721
685.049 479.031
777.712 482.754
-1 -1
734.45 497.328
-1 -1
698.796 512.74
-1 -1
666.807 506.954
-1 -1
659.929 494.656
-1 -1
682.632 520.042
-1 -1
715.775 577.817
630.539 557.946
749.586 631.971
650.48 616.984
789.894 649.474
-1 -1
828.075 686.192
-1 -1
-1 -1
-1 -1
915.869 800.895
-1 -1
938.996 813.947
-1 -1
954.899 740.081
782.357 649.282
-1 -1
761.963 517.438
-1 -1
744.59 405.129
938.25 353.88
735.041 362.874
924.004 279.853
719.187 372.029
904.543 304.857
706.527 430.516
-1 -1
711.754 514.31
-1 -1
729.417 566.471
-1 -1
783.991 540.04
-1 -1
852.962 502.913
898.681 635.964
913.55 473.089
-1 -1
964.015 472.458
-1 -1
1020.45 470.846
-1 -1
1066.95 453.544
1154.44 504.558
1091.04 431.074
-1 -1
1098.8 436.466
-1 -1
1108.13 460.516
1189.21 387.101
1113.02 495.582
1170.23 395.885
1109.54 545.476
-1 -1
1102.33 606.939
-1 -1
1113.53 678.549
-1 -1
1133.04 736.397
-1 -1
1164.93 765.986
-1 -1
1198.02 746.03
-1 -1
1224.08 671.017
-1 -1
-1 -1
-1 -1
1206.43 491.951
-1 -1
1205.41 419.187
-1 -1
1215.9 381.237
1216.6 488.921
1211.25 355.937
1212.52 454.788
1194.3 334.156
1196.57 434.557
1169.32 349.659
-1 -1
1151.08 361.021
-1 -1
-1 -1
-1 -1
1121.47 373.553
-1 -1
1104.06 379.187
-1 -1
1097.4 390.444
-1 -1
1090.66 389.717
-1 -1
1095.2 391.484
-1 -1
1108.08 409.878
1056.26 315.634
1117.69 432.348
1047.04 349.983
1132.54 465.606
-1 -1
1158.2 491.453
-1 -1
1197.13 501.824
1091.46 466.545
1240.75 507.854
-1 -1
1297.47 478.446
1175.77 494.399
1356.97 393.656
-1 -1
-1 -1
-1 -1
-1 -1
-1 -1
-1 -1
-1 -1
-1 -1
-1 -1
-1 -1
-1 -1
1365.41 306.193
-1 -1
1299.12 443.115
-1 -1
1282.48 499.871
-1 -1
1280.58 513.633
1167.23 544.62
1249.14 503.02
1130.07 513.028
1177.01 513.419
-1 -1
1111.36 499.661
-1 -1
-1 -1
-1 -1
958.861 508.595
904.799 432.21
-1 -1
871.693 451.378
-1 -1
-1 -1
-1 -1
-1 -1
-1 -1
-1 -1
-1 -1
-1 -1
-1 -1
-1 -1
-1 -1
-1 -1
-1 -1
-1 -1
-1 -1
-1 -1
-1 -1
741.122 416.184
-1 -1
-1 -1
-1 -1
-1 -1
-1 -1
747.589 349.463
859.382 282.979
-1 -1
874.325 231.655
-1 -1
888.899 202.721
-1 -1
902.984 204.137
-1 -1
-1 -1
-1 -1
-1 -1
-1 -1
-1 -1
-1 -1
-1 -1
-1 -1
-1 -1
-1 -1
-1 -1
-1 -1
-1 -1
-1 -1
-1 -1
-1 -1
-1 -1
-1 -1
-1 -1
-1 -1
676.195 574.642
-1 -1
669.191 545.525
-1 -1
680.481 492.987
-1 -1
695.923 428.462
-1 -1
704.278 364.072
-1 -1
683.928 271.443
-1 -1
-1 -1
-1 -1
-1 -1
678.952 224.509
-1 -1
-1 -1
-1 -1
-1 -1
-1 -1
-1 -1
-1 -1
-1 -1
-1 -1
662.727 406.018
-1 -1
-1 -1
635.312 408.052
-1 -1
634.392 470.021
-1 -1
655.872 525.686
-1 -1
679.398 571.98
-1 -1
702.116 607.989
-1 -1
740.541 620.701
799.538 775.461
779.936 626.956
868.866 766.22
834.984 618.85
-1 -1
902.327 574.53
-1 -1
959.832 499.208
-1 -1
1006.98 424.974
-1 -1
1061.02 375.177
-1 -1
1106.93 358.018
-1 -1
1130.25 335.524
1169.67 175.561
1129.06 332.79
1112.76 166.709
1110.04 373.595
1048.83 223.839
1081.47 443.484
1003.33 311.054
1030.87 505.487
960.726 379.717
-1 -1
-1 -1
892.01 589.495
855.676 455.023
801.989 606.449
822.12 463.579
723.126 602.195
774.973 456.973
654.112 584.08
737.531 437.998
641.615 551.056
692.526 387.44
628.208 491.237
713.413 334.449
670.756 431.262
772.805 291.772
767.075 410.881
850.48 270.253
861.905 387.458
947.084 262.444
951.04 365.478
1042.06 254.53
-1 -1
1131.52 258.615
1118.74 354.795
1210.57 258.501
1174.88 334.795
-1 -1
1226.14 349.461
-1 -1
1285.3 406.45
-1 -1
1336.4 466.38
-1 -1
1388.31 504.592
-1 -1
1419.17 513.034
1408.64 405.341
1400.89 504.24
-1 -1
1337.06 494.4
1336.95 385.158
1278.99 499.024
1283.17 384.476
1243.07 521.956
1252.39 395.087
1223.32 537.977
1233.44 403.001
1218.67 536.907
1218.54 403.153
1227.56 533.254
-1 -1
1245.22 542.195
-1 -1
1263.54 536.063
-1 -1
1271.99 546.499
1209.71 499.034
1284.08 500.143
1209.29 458.253
1290.46 410.854
1203.87 406.015
1278.03 350.182
1191.49 370.083
1252.05 329.53
-1 -1
1219.43 356.977
-1 -1
1185.92 407.394
-1 -1
1174.51 451.851
1125.55 399.592
1169.99 482.754
-1 -1
1154.68 474.432
-1 -1
1128.39 435.493
-1 -1
1107.21 391.955
-1 -1
1098 353.047
1084.87 255.493
1104.54 339.53
1104.48 236.468
-1 -1
1127.69 265.503
1153.04 419.743
1151.02 320.008
1198.37 461.338
1189.8 366.398
1264.48 476.441
1232.34 380.943
1335.96 456.821
1263.72 374
1397.18 402.503
1280.72 369.638
-1 -1
1303.49 343.604
-1 -1
1312.63 319.457
-1 -1
1323.3 313.095
-1 -1
-1 -1
-1 -1
1307.76 352.988
1291.1 302.172
1245.58 398.462
1225.96 340.467
1200.97 428.231
1193.46 363.492
1157.39 444.634
1169.84 363.036
-1 -1
1139.03 350.981
-1 -1
1099.58 329.582
1033.57 403.572
-1 -1
-1 -1
-1 -1
-1 -1
-1 -1
-1 -1
-1 -1
-1 -1
-1 -1
780.475 392.529
-1 -1
723.953 374.29
-1 -1
-1 -1
760.604 367.635
657.834 312.994
753.486 361.491
682.644 265.612
752.691 376.509
-1 -1
770.011 416.032
756.187 305.827
-1 -1
-1 -1
-1 -1
-1 -1
-1 -1
-1 -1
-1 -1
-1 -1
-1 -1
-1 -1
-1 -1
-1 -1
-1 -1
-1 -1
-1 -1
-1 -1
-1 -1
896.103 281.981
-1 -1
-1 -1
-1 -1
-1 -1
823.036 266.723
-1 -1
812.076 295.33
-1 -1
803.593 315.957
-1 -1
798.564 343.908
-1 -1
796.735 380.949
786.093 499.978
795.957 426.499
773.013 552.645
791.772 474.506
760.417 592.751
788.309 515.043
762.52 603.943
793.903 552.999
-1 -1
797.871 596.987
-1 -1
-1 -1
-1 -1
811.282 635.954
809.968 522.406
831.36 610.603
820.707 443.729
862.825 586.743
838.962 419.034
910.627 569.332
876.246 426.288
950.595 490.742
899.959 394.938
966.945 386.247
913.148 379.698
975.053 316.915
-1 -1
959.022 268.951
940.551 402.987
931.512 274.175
915.105 414.158
905.73 315.165
-1 -1
858.487 357.513
-1 -1
804.518 399.012
-1 -1
777.578 444.975
-1 -1
738.139 467.488
-1 -1
686.524 457.895
-1 -1
-1 -1
-1 -1
620.625 416.957
678.952 282.977
623.885 417.854
746.409 321.206
647.058 424.793
803.412 405.147
700.393 468.827
-1 -1
762.145 531.322
-1 -1
829.507 548.025
-1 -1
899.518 519.014
1019.42 571.575
982.435 473.046
-1 -1
1093.56 408.011
-1 -1
1155.48 355.796
-1 -1
1210.59 312.113
1229.96 435.62
1257.31 276.949
1281.48 394.629
1266.38 279.012
-1 -1
1262.05 313.953
-1 -1
1253.61 353.269
-1 -1
1264.38 335.474
-1 -1
1249.32 368.491
1247.95 481.625
1241.08 386.058
1208.09 497.446
1215.46 388.737
1169.39 491.441
1190.31 400.063
1123.07 480.195
1163.72 431.927
1077.64 457.433
1127.89 448.014
-1 -1
1081.06 460.477
997.707 412.127
1042.3 461.996
974.534 379.073
-1 -1
950.299 347.512
962.632 428.512
926.487 309.97
942.346 391.451
919.065 266.553
972.263 340.089
927.026 226.015
-1 -1
947.034 178.006
1065.46 171.92
955.038 136.599
-1 -1
944.976 151.792
-1 -1
964.791 223.678
1016.25 161.466
-1 -1
1075.36 220.042
-1 -1
1155.54 270.489
-1 -1
1228.66 289.612
-1 -1
1265.45 271.148
-1 -1
1261.73 256.543
-1 -1
1240.09 267.946
-1 -1
1203 278.965
-1 -1
1133.51 296.405
1236.67 208.962
1052.47 351.577
-1 -1
961.242 417.995
-1 -1
-1 -1
-1 -1
846.847 488.798
-1 -1
824.097 479.73
-1 -1
818.952 438.951
813.051 566.703
856.816 405.537
793.225 509.554
913.499 412.344
831.964 475.021
-1 -1
-1 -1
1063.52 449.766
1002.56 536.466
1149.98 474.214
1089.6 551.341
1222.99 460.239
1177.53 553.873
1263.68 424.086
1237.95 529.8
1274.3 391.034
-1 -1
1281.97 387.246
1326.52 458.478
1305.63 386.649
1357.52 433.963
1317.12 376.606
-1 -1
1309.31 375.637
-1 -1
1297.44 378.533
1340.49 330.463
1285.21 404.484
1309.88 313.301
1272.52 450.412
-1 -1
1271.23 520.524
-1 -1
1281.16 583.436
-1 -1
1288.39 604.614
1235.12 509.581
1280.91 555.542
-1 -1
1248.24 462.058
-1 -1
1247.38 414.509
-1 -1
1225.33 367.941
1220.37 477.731
1202.78 371.462
1195.83 470.728
1168.67 393.314
-1 -1
1135.96 404.124
-1 -1
1105.08 398.269
-1 -1
-1 -1
-1 -1
-1 -1
-1 -1
1049.44 266.543
-1 -1
-1 -1
-1 -1
1041.23 160.008
-1 -1
-1 -1
-1 -1
-1 -1
-1 -1
1053.87 219.15
-1 -1
1083.26 340.995
-1 -1
1128.14 420.095
-1 -1
1185.04 447.465
1237.12 355.539
1234.59 433.524
1256.64 337.818
1297.87 378.962
-1 -1
-1 -1
1253.75 288.189
-1 -1
1236.19 271.439
-1 -1
1194.95 250.19
-1 -1
1181.04 270.059
1117.99 183.999
1171.04 274.669
1065.32 222.442
1112.56 316.714
-1 -1
-1 -1
-1 -1
-1 -1
-1 -1
-1 -1
-1 -1
-1 -1
777.59 374.175
-1 -1
748.313 364.5
-1 -1
750.627 375.932
-1 -1
727.234 384.487
-1 -1
715.479 349.908
-1 -1
717.323 289.935
-1 -1
726.007 214.605
-1 -1
749.964 146.638
-1 -1
-1 -1
-1 -1
-1 -1
-1 -1
-1 -1
-1 -1
890.728 160.51
-1 -1
-1 -1
-1 -1
888.604 322.614
-1 -1
-1 -1
-1 -1
-1 -1
840.321 298.552
-1 -1
-1 -1
-1 -1
-1 -1
-1 -1
-1 -1
-1 -1
-1 -1
-1 -1
-1 -1
789.369 482.513
-1 -1
-1 -1
-1 -1
-1 -1
-1 -1
746.921 586.961
-1 -1
727.483 638.504
-1 -1
709.978 670.482
-1 -1
702.466 672.827
-1 -1
706.981 617.514
767.989 646.946
689.91 536.984
765.418 573.025
655.04 457.773
-1 -1
-1 -1
-1 -1
-1 -1
710.525 370.929
-1 -1
-1 -1
743.477 411.798
-1 -1
787.821 499.551
-1 -1
781.458 545.952
826.907 690.411
800.039 583.444
-1 -1
779.977 578.609
-1 -1
724.47 533.442
-1 -1
664.645 505.478
806.37 582.221
639.876 508.035
773.49 590.385
-1 -1
-1 -1
707.096 568.203
-1 -1
732.011 610.089
-1 -1
776.545 659.415
-1 -1
857.847 697.335
976.136 615.509
923.478 688.876
1023.99 587.5
979.686 667.236
1038.32 538.084
1047.47 614.406
1024.6 489.068
1088.99 528.49
1014.56 442.924
1079.47 453.437
1020.95 362.441
1047.88 385.352
-1 -1
1011.51 332.074
1050.07 193.058
998.407 303.149
-1 -1
1013.07 281.059
1107.96 211.977
1054.27 269.775
-1 -1
1072.36 357.126
-1 -1
1109.61 437.965
-1 -1
1148.54 515.528
1202.03 463.188
1181.22 547.559
1224.5 485.781
1203.27 561.578
-1 -1
1241.24 562.833
-1 -1
1274.31 546.374
1305.5 478.123
1288.49 521.447
1307.29 430.352
1278.07 483.071
-1 -1
1270.86 439.011
-1 -1
1271.29 375.545
-1 -1
1270.01 323.749
-1 -1
-1 -1
-1 -1
-1 -1
-1 -1
1286.04 275.58
-1 -1
-1 -1
-1 -1
-1 -1
1328.64 289.451
-1 -1
1366.11 427.55
-1 -1
-1 -1
-1 -1
1398.07 572.805
-1 -1
1357.21 589.118
1332.35 488.648
1297.97 566.22
1266.1 473.551
-1 -1
1207.21 450.503
-1 -1
1169.11 419.61
-1 -1
1136.37 391.204
-1 -1
-1 -1
-1 -1
1081.7 367.024
-1 -1
-1 -1
1009.69 300.044
-1 -1
-1 -1
-1 -1
-1 -1
-1 -1
-1 -1
-1 -1
-1 -1
-1 -1
-1 -1
1103.45 235.142
-1 -1
1184.58 269.922
-1 -1
1227.21 340.848
1263.5 232.545
1216.03 407.23
1290.83 326.889
1226.92 437.591
1299.18 360.176
1254.48 420.615
-1 -1
1267.22 370.95
-1 -1
-1 -1
1226.79 214.355
-1 -1
-1 -1
1170.16 279.758
1074.66 247.502
1102.06 342.919
-1 -1
-1 -1
-1 -1
978.991 462.276
-1 -1
-1 -1
-1 -1
-1 -1
-1 -1
-1 -1
-1 -1
780.643 421.396
-1 -1
751.256 312.101
632.089 290.62
736.443 243.647
-1 -1
736.03 253.125
-1 -1
747.365 302.087
-1 -1
771.221 376.107
-1 -1
-1 -1
-1 -1
-1 -1
-1 -1
-1 -1
-1 -1
-1 -1
-1 -1
-1 -1
-1 -1
-1 -1
-1 -1
-1 -1
-1 -1
-1 -1
-1 -1
-1 -1
-1 -1
-1 -1
738.37 458.312
743.8 378.884
674.313 486.208
699.914 370.798
626.401 485.97
685.546 345.971
-1 -1
697.134 292.713
612.98 382.023
-1 -1
-1 -1
772.522 225.085
-1 -1
801.738 256.439
-1 -1
811.133 304.018
-1 -1
-1 -1
-1 -1
-1 -1
-1 -1
-1 -1
-1 -1
-1 -1
828.702 596.045
813.195 539.827
832.048 632.582
832.52 549.122
-1 -1
861.514 576.007
862.4 690.805
898.858 612.67
892.567 742.557
937.914 657.952
933.917 785.044
964.944 690.002
983.928 782.984
969.375 683.39
-1 -1
947.37 656.036
1023.09 710.976
901.042 640.063
998.819 672.653
850.742 613.84
953.193 652.903
801.97 593.963
912.571 627.143
778.304 560.446
879.322 625.791
748.825 533.507
832.563 624.513
702.124 525.745
768.675 635.035
651.509 507.233
735.17 609.961
649.455 439.913
708.018 560.135
679.551 382.02
727.982 511.298
713.957 332.988
-1 -1
755.051 303.967
-1 -1
801.996 337.109
-1 -1
854.256 414.022
-1 -1
891.487 490.915
-1 -1
889.461 534.002
870.981 671.97
-1 -1
828.079 685.381
765.048 543.496
747.502 687.979
667.457 546.922
-1 -1
-1 -1
-1 -1
-1 -1
-1 -1
-1 -1
-1 -1
-1 -1
-1 -1
-1 -1
-1 -1
832.757 668.288
-1 -1
910.76 598.383
-1 -1
977.455 524.474
-1 -1
1045.14 462.214
-1 -1
1116.22 374.368
-1 -1
1175.32 278.402
-1 -1
-1 -1
-1 -1
-1 -1
-1 -1
-1 -1
-1 -1
-1 -1
-1 -1
-1 -1
-1 -1
-1 -1
-1 -1
1324.75 314.886
-1 -1
1329.57 346.555
-1 -1
1334.52 385.982
-1 -1
1340.42 423.071
-1 -1
1341.33 449.99
-1 -1
1358.94 438.589
-1 -1
-1 -1
1309.34 480.988
1336.05 362.521
-1 -1
1327.05 379.605
-1 -1
1339.32 387.091
1352.5 528.968
1343.43 386.97
-1 -1
1333.65 403.137
1400.57 527.172
1336.45 426.884
-1 -1
1325.31 448.337
-1 -1
1283 460.973
1329.05 562.905
1239.99 453.288
-1 -1
1203.39 428.635
-1 -1
1181.51 400.571
-1 -1
1168.03 362.737
-1 -1
-1 -1
-1 -1
-1 -1
-1 -1
-1 -1
1074.56 260.572
-1 -1
-1 -1
-1 -1
-1 -1
-1 -1
-1 -1
-1 -1
-1 -1
-1 -1
-1 -1
-1 -1
-1 -1
-1 -1
-1 -1
1179.11 206.371
-1 -1
1164.47 292.084
1240.26 202.775
-1 -1
-1 -1
1214.98 418.148
1201.51 328.475
1251.47 427.488
1222.83 348.937
1296.73 388.905
-1 -1
-1 -1
1241.79 315.813
-1 -1
-1 -1
-1 -1
1243.19 262.887
-1 -1
1232.46 304.396
1182.03 248.2
1167.52 353.427
1104.13 299.687
-1 -1
-1 -1
-1 -1
-1 -1
-1 -1
-1 -1
-1 -1
-1 -1
-1 -1
-1 -1
751.497 396.445
-1 -1
731.047 344.096
754.513 397.466
-1 -1
690.364 352.542
-1 -1
662.676 308.064
703.124 181.746
-1 -1
-1 -1
-1 -1
-1 -1
-1 -1
-1 -1
