2000
-1 -1
1191.91 296.965
1161.48 146.755
-1 -1
1120.53 166.096
1102.47 309.877
1086.42 189.111
1066.96 323.996
1061.28 216.065
1052.25 344.945
1058.95 252.077
-1 -1
1082.72 287.643
1086.55 400.608
1114.07 323.551
-1 -1
1128.22 352.724
-1 -1
1135.91 371.239
-1 -1
1132.03 389.055
-1 -1
1113.86 404.979
-1 -1
1091.75 421.939
-1 -1
1063.67 426.079
-1 -1
1033.52 425.626
-1 -1
999.914 425.721
933.248 344.038
973.151 427.463
-1 -1
967.177 434.08
-1 -1
1002.96 450.006
959.374 360.554
1051.61 464.201
999.03 381.26
1118.03 460.262
1040.35 395.969
1187.98 429.923
1088.36 401.865
1232.51 367.483
1121.49 392.622
1236.73 302.518
-1 -1
1217.31 246.927
1132.41 336.101
1180.15 203.406
1119.26 316.237
1122.52 171.914
-1 -1
1053.49 162.428
1076.46 290.974
-1 -1
1036.34 291.416
916.47 207.571
996.389 304.587
881.517 241.503
-1 -1
849.643 265.898
-1 -1
828.513 276.275
-1 -1
814.242 292.511
-1 -1
807.788 315.43
-1 -1
802.255 337.078
-1 -1
790.216 352.989
-1 -1
777.593 365.755
-1 -1
755.247 381.926
-1 -1
738.367 392.843
-1 -1
731.382 397.459
644.62 449.334
733.47 395.66
-1 -1
735.821 387.951
-1 -1
745.682 370.308
-1 -1
759.761 358.644
-1 -1
771.018 354.875
-1 -1
773.686 367.991
713.404 315.597
777.932 385.04
735.648 331.173
794.003 379.718
-1 -1
816.18 336.399
-1 -1
820.22 266.154
792.098 342.695
805.513 207.482
-1 -1
785.299 163.534
-1 -1
765.191 144.58
789.375 254.387
746.559 163.936
-1 -1
733.738 204.554
-1 -1
726.472 260.067
-1 -1
715.408 324.864
-1 -1
703.519 375.912
-1 -1
694.05 411.728
-1 -1
683.755 430.984
-1 -1
669.724 441.33
-1 -1
655.676 458.965
619.703 566.735
646.564 474.796
-1 -1
642.022 487.661
-1 -1
641.888 488.646
582.771 601.527
646.468 489.042
-1 -1
654.426 482.161
-1 -1
662.495 474.051
-1 -1
668.55 464.102
651.339 384.185
667.406 454.037
669.085 356.979
653.517 456.067
674.857 370.407
623.918 450.022
668.654 392.129
580.889 410.436
649.225 406.951
553.539 403.624
634.184 412.987
552.774 372.503
-1 -1
569.734 312.124
-1 -1
581.013 233.591
-1 -1
589.958 183.466
-1 -1
602.875 177.448
608.537 297.784
617.933 213.305
-1 -1
622.466 263.049
-1 -1
615.437 303.902
596.272 415.438
615.389 337.498
594.562 450.814
614.969 374.984
595.822 494.525
614.05 422.96
-1 -1
611.001 471.042
-1 -1
598.13 512.393
-1 -1
594.982 556.055
-1 -1
607.454 592.994
-1 -1
615.919 609.984
-1 -1
639.274 611.825
705.187 757.364
673.532 623.459
765.54 718.518
-1 -1
821.443 669.442
773.061 681.832
869.366 627.191
816.16 702.587
886.083 580.404
819.933 693.1
872.012 553.49
785.889 678.024
835.985 540.98
715.39 663.878
782.355 541.057
621.485 640.983
714.109 538.069
-1 -1
640.046 540.599
-1 -1
570.032 536.49
-1 -1
515.001 510.998
-1 -1
-1 -1
-1 -1
491.754 460.022
544.504 306.448
523.275 450.21
630.527 311.542
584.266 447.049
726.417 332.944
628.553 437.882
807.55 366.995
-1 -1
873.995 401.462
-1 -1
925 441.44
-1 -1
965.432 477.111
-1 -1
993.511 499.049
-1 -1
-1 -1
-1 -1
-1 -1
-1 -1
-1 -1
-1 -1
-1 -1
-1 -1
-1 -1
-1 -1
-1 -1
-1 -1
-1 -1
-1 -1
1114.64 598.548
-1 -1
1103.52 589.867
-1 -1
1098.43 579.853
-1 -1
1100.3 562.975
-1 -1
1104.47 561.02
-1 -1
1105.08 568.448
-1 -1
1098.3 592.826
-1 -1
1093.37 622.042
-1 -1
1094.51 658.941
-1 -1
1095.49 702.011
-1 -1
-1 -1
-1 -1
-1 -1
-1 -1
-1 -1
-1 -1
-1 -1
-1 -1
-1 -1
1018.97 617.154
-1 -1
-1 -1
-1 -1
1047.58 513.171
1028.95 280.469
-1 -1
1002.04 262.625
-1 -1
969.488 294.528
1006.32 391.523
954.505 337.973
-1 -1
959.064 380.759
-1 -1
973.317 408.367
1007.5 473.099
1001.05 436.941
-1 -1
1032.14 455.498
-1 -1
1062.53 460.936
1125.08 542.639
1093.3 455.065
-1 -1
1108.37 460.672
1172.38 565.316
1107.52 455.544
1165.02 559.475
1107.2 446.204
-1 -1
1106.5 435.795
-1 -1
1106.52 433.173
-1 -1
1116.2 453.967
-1 -1
1119.07 470.063
-1 -1
1123.59 486.7
-1 -1
1120.45 492.097
-1 -1
1110.24 490.445
-1 -1
1079.51 484.377
1018.36 397.56
1029.99 466.658
984.931 374.945
977.527 431.586
-1 -1
933.761 389.994
-1 -1
896.779 337.972
-1 -1
866.649 279.928
-1 -1
853.308 245.35
-1 -1
862.714 234.968
-1 -1
901.192 257.853
995.557 182.206
-1 -1
-1 -1
1002.39 381.369
-1 -1
1056.43 436.453
-1 -1
1115.42 463.667
1170.58 365.141
1161.06 455.909
1176.21 353.838
1178.41 421.48
-1 -1
1185.25 369.535
-1 -1
1169.97 340.139
-1 -1
1144.55 362.884
-1 -1
1125.8 376.004
1028.48 395.796
1096.14 396.665
1002.44 414.521
1061.97 403.699
-1 -1
1015.3 399.929
939.654 462.058
967.262 391.042
-1 -1
909.996 375.134
-1 -1
849.506 363.885
794.547 440.454
802.001 362.992
-1 -1
773.996 371.34
-1 -1
756.964 377.123
647.26 391.907
748.222 387.626
635.183 371.513
745.183 395.045
640.679 348.534
737.24 408.523
663.724 325.617
737.809 420.515
702.867 318.359
759.214 434.44
-1 -1
800.27 447.708
-1 -1
854.297 455.062
-1 -1
893.415 448.487
900.735 366.438
924.442 410.631
-1 -1
943.293 347.628
921.233 340.009
948.585 289.467
-1 -1
937.448 245.457
-1 -1
914.948 234.13
897.595 303.687
890.451 246.982
-1 -1
872.509 230.718
-1 -1
860.536 205.495
831.839 270.052
832.556 160.719
812.796 250.601
794.534 148.861
774.645 251.752
760.439 182.829
723.41 275.441
735.729 253.944
-1 -1
715.636 320.619
-1 -1
694.008 397.499
-1 -1
664.382 477.871
570.503 539.492
626.504 558.582
-1 -1
589.043 608.397
-1 -1
574.481 626.95
-1 -1
592.882 610.491
-1 -1
631.968 564.498
665.068 422.538
666.573 521.901
-1 -1
692.306 506.968
702.905 394.928
694.895 510.527
-1 -1
678.692 522.428
-1 -1
646.103 529.604
640.481 421.484
600.09 522.138
607.15 414.446
556.019 486.304
587.391 389.519
522.771 434.414
586.934 375.372
504.788 397.09
585.326 371.907
501.332 383.463
584.84 369.233
501.574 359.555
590.7 395.746
509.586 362.931
-1 -1
506.002 397.492
-1 -1
499.461 452.48
586.277 522.044
494.458 518.927
-1 -1
498.356 570.098
582.391 646.121
501.043 613.49
583.45 696.982
502.591 656.885
587.405 741.902
508.089 708.145
-1 -1
528.05 756.471
-1 -1
-1 -1
663.012 824.407
612.398 846.649
716.935 816.541
689.562 876.255
783.578 787.468
775.312 876.327
840.988 732.95
857.515 835.423
-1 -1
-1 -1
908.041 565.042
-1 -1
891.63 484.574
-1 -1
829.779 428.525
897.52 506.145
744.941 407.63
809.816 522.849
657.993 433.914
725.244 584.388
579.905 499.18
619.395 672.301
495.929 564.771
-1 -1
-1 -1
-1 -1
-1 -1
-1 -1
-1 -1
-1 -1
400.703 627.516
-1 -1
-1 -1
-1 -1
-1 -1
-1 -1
-1 -1
-1 -1
-1 -1
-1 -1
-1 -1
949.041 470.371
-1 -1
1031.44 496.862
-1 -1
1073.19 529.613
-1 -1
1094.43 547.949
-1 -1
1106.96 559.592
-1 -1
-1 -1
-1 -1
-1 -1
-1 -1
-1 -1
-1 -1
-1 -1
-1 -1
-1 -1
-1 -1
-1 -1
1095.48 684.142
-1 -1
-1 -1
-1 -1
-1 -1
-1 -1
-1 -1
-1 -1
-1 -1
-1 -1
-1 -1
-1 -1
-1 -1
-1 -1
1062.52 316.602
-1 -1
-1 -1
-1 -1
-1 -1
-1 -1
-1 -1
-1 -1
-1 -1
-1 -1
-1 -1
-1 -1
-1 -1
1171.49 605.873
-1 -1
1175.03 616.476
-1 -1
1172.97 619.001
1113.39 570.52
1160.94 604.616
-1 -1
1150.08 576.486
-1 -1
1139.21 535.496
-1 -1
1123.6 491.317
-1 -1
1100.56 441.584
-1 -1
1073.45 379.592
-1 -1
1046.6 326.778
-1 -1
1028.3 274.511
-1 -1
1009.54 232.851
967.399 268.814
986.547 195.917
952.109 270.921
958.523 177.885
-1 -1
935.25 182.31
-1 -1
924.437 190.48
-1 -1
914.327 200.737
-1 -1
898.368 213.643
867.746 278.975
874.386 222.011
-1 -1
846.886 247.968
-1 -1
821.013 272.926
782.448 191.474
796.449 289.357
769.18 186.963
777.638 307.671
760.268 196.717
772.632 329.415
767.121 217.948
793.295 347.628
-1 -1
838.099 374.724
862.263 269.656
895.3 404.636
-1 -1
960.246 426.505
-1 -1
1008.18 435.587
1040.38 331.257
1057.37 431.099
1060.2 327.325
1115.27 392.882
1063.32 313.877
1155.1 328.963
1069.67 299.321
1161.54 274.622
1074.76 259.655
1151.05 202.015
1069.29 225.025
1114.43 128.528
1048.89 201.067
-1 -1
1017.33 190.254
-1 -1
973.198 196.072
-1 -1
-1 -1
850.514 155.17
-1 -1
808.52 210.458
-1 -1
782.369 265.337
740.904 381.414
772.541 313.877
701.244 409.456
767.758 365.547
677.996 435.052
763.325 385.997
-1 -1
748.975 411.029
-1 -1
728.03 427.773
-1 -1
710.418 433.338
-1 -1
699.544 435.693
-1 -1
706.671 419.569
-1 -1
734.263 394.308
-1 -1
760.626 350.766
695.211 436.003
776.681 319.5
-1 -1
791.712 299.4
777.065 417.88
800.514 275.857
-1 -1
809.567 254.457
-1 -1
817.549 246.51
-1 -1
820.45 271.916
-1 -1
816.558 328.046
-1 -1
809.463 378.988
-1 -1
790.848 439.395
-1 -1
764.977 485.652
-1 -1
740.384 530.771
-1 -1
709.342 562.352
-1 -1
689.407 556.401
-1 -1
690.195 520.976
635.109 692.969
695.484 456.065
639.794 631.384
713.201 389.904
-1 -1
728.747 339.196
693.577 446.196
728.884 331.822
-1 -1
-1 -1
-1 -1
706.96 319.276
-1 -1
681.887 322.148
737.905 374.633
653.893 326.71
726.684 396.239
636.99 366.784
717.933 439.902
612.544 443.741
700.283 501.778
576.403 501.831
666.04 571.566
533.445 551.792
631.458 617.487
485.736 590.138
594.359 644.885
444.918 622.97
563.543 660.6
424.895 644.787
551.428 681.837
-1 -1
567.25 695.313
488.436 669.945
-1 -1
564.405 679.851
688.46 771.466
619.894 680.072
-1 -1
657.188 631.028
-1 -1
683.819 591.248
-1 -1
673.82 555.781
709.605 718.543
644.639 524.541
-1 -1
618.821 504.82
-1 -1
601.837 461.973
613.362 620.119
579.555 391.197
606.425 549.103
613.093 307.114
-1 -1
671.061 258.256
-1 -1
733.203 247.097
-1 -1
826.257 259.404
-1 -1
908.695 287.698
835.856 437.342
979.276 330.99
-1 -1
1019.18 373.854
973.218 526.956
1046.89 412.979
-1 -1
1045.1 457.058
-1 -1
1053.94 492.074
-1 -1
1058.92 513.036
-1 -1
1070 515.968
-1 -1
1072.12 513.798
-1 -1
1046.66 521.507
-1 -1
1017.05 531.97
-1 -1
992.941 574.991
-1 -1
-1 -1
-1 -1
-1 -1
-1 -1
-1 -1
-1 -1
-1 -1
-1 -1
-1 -1
-1 -1
-1 -1
-1 -1
-1 -1
-1 -1
997.053 415.846
-1 -1
1000.43 419.733
1017.96 584.959
1013.45 442.985
1029 580.412
1033.11 462.453
-1 -1
1055.23 475.081
1065.97 592.146
1068.32 461.487
1089.63 578.428
1073.78 430.545
-1 -1
1069.98 392.932
-1 -1
1050.51 357.5
-1 -1
1029.66 323.352
-1 -1
1009.26 291.512
-1 -1
993.715 258.583
-1 -1
984.492 219.573
-1 -1
983.292 184.78
-1 -1
990.85 161.941
-1 -1
997.482 173.436
-1 -1
1009.41 224.003
-1 -1
1044.19 291.002
1028.61 158.973
1102.21 352.437
-1 -1
1162.58 381.878
1087.51 267.151
1233.49 337.184
-1 -1
-1 -1
-1 -1
-1 -1
-1 -1
-1 -1
1180.67 287.99
1215.55 202.125
-1 -1
1177.42 264.942
-1 -1
1134.44 308.498
-1 -1
1077.41 346.982
-1 -1
1012.43 372.71
-1 -1
946.413 369.849
908.186 452.543
897.138 347.424
855.008 428.318
856.486 310.49
-1 -1
814.776 272.59
-1 -1
788.838 246.789
708.841 293.649
790.492 239.672
689.717 252.732
809.494 248.805
698.519 236.63
838.451 284.258
-1 -1
876.445 336.128
761.988 302.063
924.13 381.895
-1 -1
975.358 392.985
-1 -1
1006.03 402.979
-1 -1
1031.23 382.132
947.29 411.106
1036.54 337.146
962.339 398.98
1018.98 305.229
956.403 382.505
984.48 322.445
-1 -1
942.684 359.934
-1 -1
897.013 383.037
-1 -1
845.928 401.754
-1 -1
783.04 417.029
-1 -1
726.531 443.527
-1 -1
684.51 472.593
-1 -1
664.506 472.548
-1 -1
661.521 431.193
-1 -1
668.399 353.361
-1 -1
669.193 270.014
-1 -1
658.962 198.135
-1 -1
652.179 169.48
-1 -1
662.48 175.552
-1 -1
683.191 212.97
-1 -1
705.172 272.968
-1 -1
716.003 317.143
-1 -1
724.074 329.675
-1 -1
731.162 341.929
-1 -1
731.512 352.959
-1 -1
721.412 375.389
-1 -1
707.934 401.478
-1 -1
707.423 421.427
-1 -1
721.389 433.975
690.949 541.434
742.392 465.87
-1 -1
-1 -1
-1 -1
755.097 559.636
-1 -1
743.489 597.518
-1 -1
710.297 616.838
759.069 576.654
641.41 611.936
709.562 583.056
-1 -1
650.409 591.326
517.41 557.633
603.165 597.031
488.693 534.985
571.801 607.607
484.476 506.473
-1 -1
510.332 482.088
-1 -1
571.12 457.542
591.47 595.903
630.52 452.842
-1 -1
669.979 462.86
682.993 614.035
721.98 477.104
742.019 636.043
790.977 487.021
799.981 648.952
826.888 510.01
887.916 664.006
847.557 521.485
929.051 662.083
848.923 543.134
977.035 613.139
869.826 521.928
1005.02 578.936
903.393 537.547
1045.02 562.043
922.883 561.415
1066.49 546.924
925.558 553.988
1060.1 501.718
886.54 531.248
1016.3 464.696
834.039 525.9
949.13 437.628
787.908 523.48
-1 -1
764.04 555.584
886.546 477.067
729.295 582.04
866.262 533.698
693.944 611.495
-1 -1
651.464 635.686
-1 -1
576.998 597.951
-1 -1
504.795 495.179
-1 -1
452.003 334.971
-1 -1
-1 -1
507.547 325.312
-1 -1
-1 -1
-1 -1
466.301 253.007
421.371 186.321
-1 -1
-1 -1
-1 -1
548.01 509.91
-1 -1
584.973 605.927
-1 -1
612.061 664.026
-1 -1
666.778 669.861
-1 -1
-1 -1
-1 -1
830.052 639.497
-1 -1
-1 -1
-1 -1
957.274 594.042
-1 -1
1028.43 607.592
-1 -1
1069.88 621.448
-1 -1
1099.44 622.693
-1 -1
1119.46 622.808
-1 -1
1120.15 599.712
-1 -1
1101.59 554.017
-1 -1
1092.97 501.333
-1 -1
1085.29 457.545
-1 -1
1098.02 469.01
-1 -1
1122.05 494.372
-1 -1
1148.5 503.825
-1 -1
1147.28 481.04
-1 -1
1139.57 419.66
-1 -1
1125.59 353.035
-1 -1
1122.95 295.614
-1 -1
1131.96 268.551
-1 -1
1141.48 279.887
-1 -1
1146.51 350.938
-1 -1
1160.84 427.231
-1 -1
1163.49 475.025
1065.48 403.018
1174.36 498.92
1071.41 428.953
1165.43 517.443
-1 -1
1125.41 536.769
-1 -1
1084.54 533.779
-1 -1
1044.26 527.304
-1 -1
1007.29 513.523
-1 -1
970.374 487.206
-1 -1
946.518 447.954
880.867 372.81
930.072 411.21
-1 -1
925.554 373.106
855.741 302.172
927.342 329.977
845.519 279.771
938.681 287.515
844.971 253.048
977.522 218.525
869.183 214.398
1029.59 150.994
-1 -1
-1 -1
-1 -1
-1 -1
-1 -1
-1 -1
-1 -1
1004.46 130.528
1034.65 248.644
984.473 170.817
1020.64 282.664
982.494 218.601
993.761 332.595
968.455 263.565
972.958 370.099
952.233 301.348
-1 -1
923.028 335.164
-1 -1
876.509 359.566
-1 -1
825.745 370.245
-1 -1
780.213 374.52
-1 -1
742.021 373.201
-1 -1
712.748 375.021
-1 -1
679.428 371.393
-1 -1
640.984 346.792
-1 -1
611.717 306.544
-1 -1
587.275 262.532
-1 -1
562.364 238.439
-1 -1
544.692 237.513
-1 -1
539.869 230.522
-1 -1
553.581 237.929
-1 -1
584.534 281.905
-1 -1
623.578 350.567
-1 -1
670.223 405.942
-1 -1
709.212 430.396
733.46 311.854
740.065 435.982
-1 -1
768.96 416.684
761.035 319.281
779.162 379.861
-1 -1
769.32 331.998
762.715 268.993
765.154 305.008
-1 -1
766.496 266.279
756.528 193.592
775.323 248.088
763.769 183.922
-1 -1
-1 -1
795.507 299.496
771.409 221.952
802.375 329.069
-1 -1
792.631 376.044
-1 -1
770.213 415.945
706.165 337.316
743.09 425.927
671.917 329.395
703.138 469.266
-1 -1
650.932 581.059
-1 -1
595.651 705.595
-1 -1
534.739 813.777
537.712 667.011
501.985 878.078
532.743 716.408
536.171 866.569
568.7 699.412
612.339 782.349
626.72 626.698
643.389 688.925
650.474 545.986
621.131 614.482
634.521 492.34
581 539.363
614.899 451.09
-1 -1
593.953 409.612
510.96 437.595
583.834 388.069
500.631 454.104
595.136 423.551
-1 -1
-1 -1
488.413 476.862
-1 -1
-1 -1
602.161 465.384
479.577 365.045
-1 -1
513.028 333.971
-1 -1
563.009 338.926
-1 -1
627.86 396.111
766.411 459.379
698.413 485.589
840.767 527.095
750.143 579.437
895.589 585.938
806.996 680.209
951.37 653.389
878.594 722.366
1027.25 699.175
966.059 710.899
-1 -1
-1 -1
-1 -1
-1 -1
-1 -1
1053.15 591.816
1084.08 436.319
-1 -1
982.523 450.48
-1 -1
-1 -1
-1 -1
830.018 566.974
729 751.961
764.924 587.127
615.951 724.967
712.969 573.933
529.476 659.521
689.67 569.733
503.541 614.95
-1 -1
521.614 582.698
-1 -1
560.677 511.751
-1 -1
633.301 460.109
682.177 616.471
692.865 504.795
737.1 657.729
779.351 576.229
-1 -1
868.464 616.206
-1 -1
913.817 644
-1 -1
945.006 634.303
-1 -1
984.943 603.849
-1 -1
1021.07 547.907
-1 -1
1049.08 469.985
-1 -1
1077.46 417.315
-1 -1
1091.53 415.098
-1 -1
1108.9 410.533
-1 -1
1114.39 396.155
-1 -1
1113.24 396.451
-1 -1
1114.11 405.466
-1 -1
1108.78 390.572
-1 -1
1101.35 376.81
1139.51 264.49
1089.75 387.494
1108.44 267.803
1065.46 424.523
-1 -1
1054.96 467.519
-1 -1
1060.47 504.462
-1 -1
1068.45 528.873
-1 -1
1089.05 547.003
-1 -1
1138.98 540.481
-1 -1
-1 -1
1106.68 389.041
-1 -1
1116.16 354.355
-1 -1
1118.33 338.012
-1 -1
-1 -1
1141.88 272.416
1087.41 393.979
1081.3 267.903
1077.88 401.757
1029.92 279.725
-1 -1
1003.05 293.871
1024.77 418.579
986.249 303.173
-1 -1
967.675 320.018
-1 -1
960.516 349.952
-1 -1
948.217 385.63
-1 -1
930.417 416.576
-1 -1
911.942 438.213
-1 -1
877.489 450.949
-1 -1
829.969 454.188
-1 -1
781.038 440.025
706.725 364.184
736.051 416.219
697.753 313.484
698.09 378.118
-1 -1
661.019 350.95
716.321 269.218
600.335 314.359
-1 -1
566.856 259.583
670.999 251.512
558.273 201.526
-1 -1
569.576 171.513
665.625 252.481
611.569 157.993
-1 -1
663.761 175.921
-1 -1
714.118 222.921
-1 -1
780.133 266.449
-1 -1
830.79 302.527
886.259 363.76
847.22 335.543
-1 -1
863.357 344.376
-1 -1
885.059 327.16
-1 -1
890.984 292.051
-1 -1
872.025 268.033
-1 -1
852.527 260.551
-1 -1
845.069 270.024
-1 -1
837.176 314.914
-1 -1
816.808 375.02
-1 -1
793.193 407.326
-1 -1
773.449 411.787
-1 -1
749.193 409.52
-1 -1
699.395 393.917
-1 -1
667.866 368.485
663.059 512.426
638.407 347.392
630.986 503.026
613.519 332.401
604.036 498.1
630.758 359.846
576.559 520.675
659.942 426.771
560.693 548.592
680.873 490.435
578.946 577.319
681.813 482.908
-1 -1
712.368 538.451
-1 -1
736.698 577.742
-1 -1
784.463 591.709
-1 -1
830.052 616.079
-1 -1
852.83 647.018
-1 -1
863.478 627.792
-1 -1
870.595 590.981
895.423 469.472
867.651 547.003
-1 -1
867.39 498.061
-1 -1
878.616 448.052
903.066 318.363
895.931 407.433
916.617 276.192
910.42 379.888
926.117 240.655
909.4 320.429
-1 -1
893.02 226.961
920.295 151.966
875.955 148.938
-1 -1
-1 -1
-1 -1
893.986 192.027
-1 -1
868.88 282.184
-1 -1
813.485 374.022
-1 -1
739.328 422.812
648.533 574.456
689.591 398.715
563.698 530.263
692.988 377.114
-1 -1
717.009 386.938
561.796 329.567
745.449 384.276
-1 -1
792.081 375.855
-1 -1
841.503 408.127
-1 -1
872.461 432.357
-1 -1
879.593 435.698
-1 -1
875.269 425.532
-1 -1
883.459 409.767
-1 -1
906.431 384.78
-1 -1
927.223 387.433
-1 -1
930.515 430.846
-1 -1
909.892 483.185
-1 -1
868.382 556.967
-1 -1
809.942 637.555
-1 -1
756.971 680.011
-1 -1
736.91 678.957
-1 -1
731.127 640.671
-1 -1
720.686 637.973
-1 -1
705.991 669.482
-1 -1
707.702 682.901
-1 -1
716.117 673.03
716.929 818.031
711.605 645.664
-1 -1
699.633 644.034
-1 -1
682.16 665.531
732.54 567.846
654.981 723.006
717.245 611.14
-1 -1
712.115 685.001
-1 -1
699.182 696.571
558.55 621.064
683.561 688.495
600.326 522.376
650.904 665.556
611.606 480.497
672.924 621.34
666.954 457.989
685.685 609.142
722.913 487.246
-1 -1
802.129 547.704
-1 -1
889.145 600.083
-1 -1
971.012 621.907
-1 -1
1025.38 581.639
1180.87 627.863
-1 -1
-1 -1
1045.57 416.538
-1 -1
1044.01 324.941
-1 -1
1050.61 254.564
-1 -1
1036.13 220.71
-1 -1
1015.35 222.326
-1 -1
959.253 308.641
-1 -1
-1 -1
-1 -1
-1 -1
784.384 515.867
840.915 691.937
781.88 575.494
819.493 737.509
-1 -1
768.096 719.805
-1 -1
752.107 589.483
-1 -1
819.966 460.339
-1 -1
876.499 406.51
-1 -1
913.128 295.072
-1 -1
934.489 289.495
-1 -1
949.731 316.382
-1 -1
990.5 346.807
-1 -1
1024.53 373.056
-1 -1
1038.93 390.627
1039.01 519.746
1050.25 398.478
1061.28 522.703
1058.47 382.249
1077.3 495.213
1052.6 356.822
-1 -1
1043.47 363.537
-1 -1
1036.17 357.458
-1 -1
1025.43 315.707
-1 -1
1019.51 258.559
-1 -1
1020.23 193.493
-1 -1
1024.17 135.629
-1 -1
-1 -1
-1 -1
-1 -1
-1 -1
1040.4 121.057
-1 -1
1034.54 191.009
-1 -1
1028.59 287.073
-1 -1
1045.06 379.647
-1 -1
1077.28 443.158
-1 -1
1109.41 474.536
1203.63 394.605
1144.99 476.736
-1 -1
1129.03 451.029
-1 -1
1075.52 421.193
988.797 332.913
1016.45 390.289
-1 -1
952.575 392.478
863.195 321.882
904.764 406.524
-1 -1
896.692 393.661
799.946 351.978
879.587 419.787
785.512 371.47
871.017 446.265
-1 -1
866.269 471.476
-1 -1
858.987 480.326
-1 -1
864.939 481.518
-1 -1
893.242 464.015
790.055 445.931
931.77 416.075
-1 -1
951.153 348.566
-1 -1
955.795 272.04
-1 -1
943.753 223.962
849.113 254.648
891.442 221.728
-1 -1
829.551 286.51
-1 -1
791.54 347.8
-1 -1
780.883 370.989
-1 -1
765.058 395.314
-1 -1
772.423 387.683
-1 -1
791.597 342.544
730.021 430.027
809.253 311.129
-1 -1
810.802 303.904
771.715 392.42
801.014 328.777
766.089 421.088
787.449 356.378
-1 -1
778.113 389.197
-1 -1
764.364 435.201
-1 -1
737.972 491.199
-1 -1
717.327 514.369
-1 -1
704.704 532.508
-1 -1
694.318 541.12
-1 -1
699.067 506.305
719.588 382.517
719.592 443.713
719.124 315.485
733.877 363.522
-1 -1
725.531 286.97
-1 -1
699.964 241.46
-1 -1
-1 -1
-1 -1
656.498 215.933
-1 -1
661.516 304.016
-1 -1
657.462 399.025
687.043 486.554
655.11 512.452
-1 -1
635.027 563.533
-1 -1
628.019 601.569
661.966 667.341
618.889 654.582
-1 -1
619.949 704.981
-1 -1
625.995 717.031
-1 -1
648.936 674.004
-1 -1
678.044 640.977
-1 -1
727.485 605.51
-1 -1
741.432 535.265
689.007 364.111
732.646 450.545
-1 -1
690.163 387.851
636.297 230.591
626.729 376.334
581.311 224.094
-1 -1
560.231 265.905
-1 -1
535.035 355.303
-1 -1
-1 -1
-1 -1
410.596 572.545
-1 -1
-1 -1
447.299 593.167
-1 -1
530.945 606.925
597.359 748.644
639.373 621.734
709.813 761.771
753.304 634.457
-1 -1
854.056 637.028
-1 -1
944.747 630.655
-1 -1
1017.98 619.088
-1 -1
-1 -1
-1 -1
-1 -1
-1 -1
-1 -1
-1 -1
-1 -1
1285.39 404.657
-1 -1
1212.66 344.405
1149.86 433.022
1135.5 293.537
1073.12 380.974
1039.26 251.448
968.08 372.579
-1 -1
870.337 443.376
877.504 291.473
828.69 578.714
-1 -1
847.608 691.024
-1 -1
856.446 773.033
789.175 716.772
838.948 783.901
-1 -1
830.888 710.027
-1 -1
853.538 602.524
-1 -1
894.961 500.021
-1 -1
923.246 479.011
-1 -1
957.852 524.943
-1 -1
990.206 574.359
-1 -1
-1 -1
-1 -1
1050.98 617.934
-1 -1
1069.94 598.97
-1 -1
1074.57 549.853
-1 -1
1068.24 437.494
-1 -1
1080.96 316.066
-1 -1
1097.91 246.688
-1 -1
1093.5 255.508
-1 -1
1076.38 303.48
-1 -1
1058.56 381.579
-1 -1
1051.73 476.602
-1 -1
1071.2 528.48
-1 -1
1112.46 546.497
-1 -1
1163.08 520.612
-1 -1
1214.03 436.515
1107.2 468.09
-1 -1
1134.6 425.906
1196.04 300.793
-1 -1
1113.85 299.33
-1 -1
1034.97 318.113
-1 -1
985.416 328.87
940.301 381.482
957.081 323.598
-1 -1
929.796 286.444
-1 -1
910.294 253.636
-1 -1
902.04 213.179
-1 -1
917.322 172.742
846.339 201.476
955.242 196.471
-1 -1
1008.12 253.686
895.24 242
1055.76 324.417
-1 -1
1079 394.478
-1 -1
1067.85 443.507
971.936 498.239
1029.37 473.505
929.336 514.151
979.274 484.598
-1 -1
922.39 483.686
-1 -1
860.027 458.676
-1 -1
-1 -1
-1 -1
708.126 430.174
-1 -1
645.242 428.669
-1 -1
618.682 441.549
532.411 410.887
637.536 461.781
538.529 426.879
699.222 488.688
-1 -1
781.072 521.326
-1 -1
861.079 528.885
-1 -1
918.93 522.173
-1 -1
949.441 498.504
-1 -1
954.631 459.513
-1 -1
943.483 419.839
-1 -1
935.2 377.075
-1 -1
913.027 313.894
-1 -1
872.572 263.56
867.036 376.125
828.281 220.376
-1 -1
792.678 198.048
-1 -1
774.798 228.473
-1 -1
-1 -1
-1 -1
758.797 372.474
-1 -1
769.49 414.707
-1 -1
794.425 412.51
-1 -1
814.315 384.474
-1 -1
812.753 340.527
-1 -1
776.425 304.57
767.185 400.973
746.012 303.002
-1 -1
718.013 319.908
-1 -1
704.556 357.416
-1 -1
723.214 413.931
-1 -1
755.269 468.695
-1 -1
788.465 498.62
-1 -1
804.22 499.685
787.439 624.536
795.542 488.981
-1 -1
773.512 440.044
779.872 526.949
744.03 356.887
-1 -1
716.536 287.391
-1 -1
689.414 253.736
-1 -1
645.869 247.513
-1 -1
621.972 315.994
-1 -1
624.403 384.579
561.107 345.922
625.21 438.037
-1 -1
-1 -1
-1 -1
-1 -1
-1 -1
509.066 448.021
-1 -1
472.835 443.183
561.348 472.046
-1 -1
566.391 510.465
436.002 427.986
-1 -1
-1 -1
516.926 521.944
482.051 383.243
469.989 517.539
494 405.032
458.165 532.563
484.234 419.202
459.713 556.709
490.147 435.141
-1 -1
510.033 467.053
-1 -1
512.096 504.445
-1 -1
537.319 550.911
-1 -1
619.668 608.452
-1 -1
706.368 639.38
-1 -1
786.763 634.637
-1 -1
843.095 617.083
-1 -1
894.012 586.414
-1 -1
935.731 557.879
1084.43 646.786
956.255 522.768
-1 -1
975.543 467.463
-1 -1
997.092 396.907
-1 -1
1014.98 346.911
1183.18 261.522
1024.79 291.696
-1 -1
-1 -1
1172.66 119.663
-1 -1
-1 -1
-1 -1
-1 -1
967.732 273.666
-1 -1
916.467 364.02
868.758 237.424
910.594 483.82
-1 -1
-1 -1
872.697 490.023
-1 -1
-1 -1
847.717 798.717
-1 -1
811.483 793.767
-1 -1
-1 -1
-1 -1
-1 -1
-1 -1
-1 -1
-1 -1
912.232 406.926
-1 -1
918.841 437.106
-1 -1
947.174 456
960.454 611.568
973.722 465.999
-1 -1
994.025 483.667
-1 -1
1011.53 495.433
-1 -1
1024.95 490.961
-1 -1
1027.61 468.249
-1 -1
1024.64 431.752
-1 -1
1024.41 377.482
-1 -1
1023.82 308.467
-1 -1
1011.62 255.246
-1 -1
1006.1 202.489
-1 -1
996.494 171.559
-1 -1
988.44 154.863
-1 -1
