2000
-1 -1
481.9 260.9
456.6 157
506.4 281.3
484.8 188.5
535.1 319.1
511.1 229.3
560.4 366.1
532.9 281.3
571.4 419.6
534.6 345.3
562.1 481.9
505.5 404.9
528.2 545
467.1 469.7
488.1 616.7
448.4 531.4
463.2 680.3
439.8 564.6
467 718.4
447.3 591.8
494.8 739.5
474.4 625
541.5 751.2
506.8 656.1
598 740.2
546.2 668.5
646.3 716.3
587 674.8
689 661.9
637.7 684.9
721 604.8
678.6 686.5
733.8 563.2
688.4 670.2
722.3 532.3
643.3 645.4
681.8 512.2
585.4 629.3
636.8 504.2
-1 -1
591.3 504.8
411.5 582.5
537.3 507.4
337.1 516.2
494.8 498.6
-1 -1
472.3 472
313 375.9
466 443.1
-1 -1
476.9 417.9
431.4 255.8
-1 -1
524.7 229.5
527.8 374.1
623.1 234.4
576 370.5
702.4 263.1
626.4 387.9
754.2 310.3
-1 -1
801.3 348.4
-1 -1
836.2 377.3
767.1 508.1
868 420.1
799.8 558
891.7 476.6
840.9 624.7
913 529.2
895.9 682.9
939.5 560.2
953.1 711.2
962.9 584.2
1014.3 721.4
998 600.2
1082.7 715.4
1019.6 604.2
1126.8 685.9
1025.2 599.9
1143.6 645.4
1017.5 590.1
1134.7 598.2
1008.9 573.2
1119.4 544.9
992.1 550.4
1091.8 496.1
971.8 538.2
1055.2 451.9
955.8 537.3
1018.2 418.9
951.2 547.7
985.6 408.6
952.9 581.2
965 434.6
941.9 607.6
947.3 467.1
915 590.7
931.6 488.8
904.6 510.2
-1 -1
921.9 416.1
916.9 498.1
939.6 320.6
924.2 468.8
941.4 251.6
930.9 434.6
934.4 236.8
933.6 397.7
928.1 253
931.9 387.1
923.8 289
934.7 406.7
927.1 331.8
941 437
936.2 365.4
955.1 468.1
946.1 392.7
975.9 500.9
957.8 409.4
999.9 524
973.3 419.4
1020.3 530.2
984.2 428.4
1027 521.4
985.4 428.1
1017.1 493.5
974.1 412.1
993.9 449.1
-1 -1
-1 -1
-1 -1
940.5 342.6
923.5 345.5
916 294.9
913.3 334.4
896.3 255.9
910.3 331.3
885.5 233.6
924.1 346.1
889.9 240.6
956.5 380.1
905.8 277.3
1013.7 421
938.6 330.1
1091.7 432
984.1 380.4
1140 445.1
1019.1 413.1
1142.8 418.6
1025.1 432.8
1120.4 354.6
1030.8 426.9
1085.9 259.1
-1 -1
1051.5 191.7
1037.1 332.3
1014.4 172.2
1044 309.7
983.5 192.9
1037.2 315.9
968.9 223.8
1022.4 339.5
961 240.5
1007.1 352.7
947.1 248.5
991.6 356
935.3 258.2
974.6 362.5
925.5 273.4
959.8 372.8
920.3 288.9
948.7 382.1
923.2 302
940 387.5
922 318.1
922.1 390.6
909.7 327.5
-1 -1
901.7 328.6
870.1 373.6
881.6 320.2
836.2 347.5
861.9 323
800.4 317.4
835.5 337.1
769.7 293.4
810.4 351.9
747.1 287.5
790.9 369.9
739.8 290.1
793.3 384.9
750.1 303.3
819.5 401.5
776.2 320.2
872.1 418.4
817.7 344
942 421.3
872.7 361.6
1019 393.4
-1 -1
1074 343.2
980.6 368.6
1099.1 286
1018.7 351
1091.2 233
1040.2 330.2
1057 210.9
1038.9 321.3
999.1 222.1
1021.8 325.5
942.7 241.2
986.9 336.5
872.6 268.4
955 335.7
-1 -1
915.1 333.7
756.9 322
867.4 347.7
718.8 343.9
-1 -1
691.8 359
-1 -1
673.1 361.4
-1 -1
-1 -1
756.5 399.1
655 366.1
727.2 418.7
638.3 377.5
702.8 426.4
617 385.9
662.1 440.5
-1 -1
-1 -1
-1 -1
574.4 459.8
-1 -1
-1 -1
-1 -1
531.7 457.1
608.5 407
524.9 468.4
606.5 424.2
514 482.9
599.1 437.6
497 489.1
592 457.8
482.3 493.4
589.3 482.2
480.7 513.1
598.8 499.4
502 517.5
609.4 502.3
535.1 508.7
616.6 505.9
565.6 505.2
625.6 500.2
604.4 485.8
633.5 477.3
631.1 468
639.3 433.6
-1 -1
653.6 364.7
664.3 422.2
659.9 297.9
674.8 381.9
649.9 235.9
673.2 328.9
637 189.6
660.3 290.5
629.9 167.4
649.3 267.4
633.9 162
643.6 248.4
643.4 175.2
648.5 246.5
-1 -1
-1 -1
-1 -1
-1 -1
-1 -1
667.8 345.6
674.5 431.1
656.5 405.2
-1 -1
630.1 445.1
620.3 505.3
-1 -1
588 515.2
559.7 511.1
555.7 508.1
524.4 555.4
537.3 528.9
504.6 589
531.1 549.3
498.6 626.1
523 562.6
498.3 678.5
514.4 579.4
498 718.2
510.1 591.4
506.9 738.1
503.5 614.1
520.9 742.3
503.2 638.6
538.7 742.5
-1 -1
557.8 707.8
498.4 700.6
561.5 662.3
-1 -1
573 650
544.9 719.7
603.3 635.5
605.9 720.6
645.9 605
673.2 689.5
692 550.3
729 622.5
728.9 474
771.5 539.5
739.6 381.3
801.2 445.5
730.2 287.8
-1 -1
707.6 233.6
786.3 340.9
660.6 223.4
733.9 346.2
601.1 249
681.5 394
549.9 309.8
634.1 463.6
508.9 381.9
583.4 531.3
468.5 442.2
515.7 587.7
428.8 477.1
-1 -1
414.8 471.6
417.8 582.2
440.8 443
-1 -1
503.2 442
-1 -1
542.9 480.4
-1 -1
569.4 528.1
-1 -1
-1 -1
-1 -1
-1 -1
523.8 737.9
-1 -1
601.1 715.7
-1 -1
678.5 666.8
-1 -1
761.3 606.2
-1 -1
845.9 564.5
-1 -1
912.6 549.4
-1 -1
952 554.5
1088.1 588
973.7 552.3
1113.6 542.1
977.2 545.4
1106 488.1
970.4 530.4
1077.3 435.7
969.1 518.8
1030.4 391.4
960.3 513.1
976.2 377.3
935.9 527.4
917.6 395.7
897.1 567.6
856.7 443.4
846.2 639.2
807.9 506.6
806.7 719.2
770.3 573.4
762.7 787.1
748.6 614.6
712.6 802.2
-1 -1
-1 -1
735.8 641.9
-1 -1
-1 -1
-1 -1
-1 -1
-1 -1
816.4 508.5
-1 -1
-1 -1
-1 -1
-1 -1
841.1 290.3
855.7 347.5
-1 -1
886.6 313.2
911.2 254.6
928.8 303.4
933.4 313.6
-1 -1
945.1 354.6
979.4 368.6
958 401.6
995.6 403
973.6 437.4
1009.2 407.1
986.7 457.5
1005.6 376.3
989.8 443
993.5 345.8
979.4 420.1
968.6 320
959 400.6
937.7 309.1
940.9 392
920.7 319.3
-1 -1
928.5 362.7
935.8 435.3
951.6 402.8
963.8 493.3
996.9 461.9
1003.8 548.2
1049.7 513.6
1064.4 599.1
1104 547.4
1143.5 631.3
-1 -1
1221.4 628
1195.3 538.9
1274 580.2
1177.3 501
1279.2 519.4
1151.8 467.1
1256 478.2
1125.7 435.7
1232.6 433.1
1098.3 437.6
1198.6 413.9
1075.8 442.4
-1 -1
1054.3 444.7
-1 -1
1029.7 445.9
1102.8 434.4
1003.6 444.7
1072.9 436.6
983.3 446.5
1042.7 428.4
960.1 435.1
1014.5 415.5
936.2 417.1
986.6 406.8
910.6 397.4
958.6 402.4
884.2 382.7
929.1 401.2
856.5 366
892.1 398.9
824.7 347.7
847.1 391.4
790.1 327.7
802.9 376.6
761.5 305.4
761.9 353.3
-1 -1
718.3 319
722.3 245.5
686.4 279.8
727.2 224
691.5 257.9
757 211.8
728.9 260.1
810.1 216.6
786.4 293.3
-1 -1
-1 -1
-1 -1
919.9 390.7
980.5 318.5
986.1 405.5
1016.5 328.2
1029.1 393.6
1031.8 330.3
1047.6 366.6
1030.2 323.2
1056 315.5
1011.7 319.9
1039.6 263.7
987.5 310
1001.3 226.2
957.2 308.5
941.5 218.4
923.6 317.5
856.2 243.2
879.5 335.4
784.5 279.1
790.3 375.8
-1 -1
714.6 412
645.1 350.8
636.9 438.8
-1 -1
553.6 445.7
607.1 393.1
502.9 422.2
-1 -1
490 374.6
-1 -1
510.4 335.9
583 418.3
-1 -1
573.8 444.1
587.5 356
578.5 463
604.7 380.4
601.4 467.9
616.8 396.2
637.3 451.5
633.8 400.2
668.8 413.1
647.1 401.7
677.6 369.7
658 371.5
-1 -1
-1 -1
-1 -1
-1 -1
-1 -1
-1 -1
-1 -1
-1 -1
-1 -1
-1 -1
597.5 153.1
-1 -1
600.6 189.8
624.9 250.4
594.8 235.7
618.9 301.3
588.4 290.2
610.2 356.8
582 344.7
602.9 410.8
572.3 395.6
595.9 455.4
559.5 439.4
585.5 498.8
547.5 488.6
573 549.3
536.9 542.7
561.7 602.1
533.2 583.3
552.8 644
527.4 604.6
546.5 665.6
518.7 613.2
535.6 674.6
516.8 605.1
532.8 669.5
527 569.5
-1 -1
542.1 508.5
-1 -1
560.2 455.8
591.2 536.7
570.3 396.3
617.3 498.5
583.4 349.1
644 471.9
601.5 316.3
669 473.4
633.4 318.4
691 492
672.3 346.8
712.8 513.1
693.7 366.3
730.1 534.1
-1 -1
768.9 558.7
-1 -1
826.5 560.9
-1 -1
890.3 534.4
835.3 429.3
949.5 465.7
-1 -1
972.2 401.8
924.5 485.3
983.1 372.3
953.5 502.4
983.6 365.7
954.4 511.9
951.4 363
913.8 508.1
871.2 362.5
846.6 516.9
794.1 379.8
772.2 537.5
713.5 407.8
694.9 558.9
632.9 433.4
635.4 582.4
569.9 458.7
-1 -1
540.9 466
474.4 594.6
529.6 453.2
383.8 545.2
517.4 441.6
340.5 493.6
493.7 400.7
311.5 404.3
491 358.8
343.5 281.6
515.9 327.9
-1 -1
557.7 302.7
-1 -1
625.6 295.8
706.3 163.3
717.4 319.3
783.3 218
815.1 354
-1 -1
876.5 400.9
884 338.2
937.3 443.6
912.6 411.8
990.3 477
938 499.3
1026.4 513.9
960.7 551.5
1042.5 534.9
982.6 579.6
1052.2 529.4
993.8 560.7
1057.2 505.2
991.1 519
1053.4 468.3
988.8 493.6
1039.6 413.1
974.3 468.5
1020.1 387
944.6 452.2
992.6 395.3
920.8 430
961.6 437.6
903 409.5
932 479.4
888 401.1
908.8 503.4
872.8 374.5
886.2 507.6
853.3 339.3
862.5 489
833.3 310.5
843.5 461.1
819.3 303.3
827.7 439.9
817.4 321.5
823.5 438.5
821.5 342.2
836 464.1
834 362
856.1 477.1
848.7 369.2
877.1 474.3
859.1 369.4
890.8 462.6
865 348.5
895.5 435.6
860.5 311.3
888.3 388
848.4 274.3
875 332.9
836.9 233.1
857.7 283.2
827 207.1
839.3 233
821.5 191.5
-1 -1
-1 -1
814.4 179.2
843.9 213.2
810.6 185.4
-1 -1
816.1 211.2
-1 -1
831.9 237
-1 -1
852.3 270.6
-1 -1
867.8 309.4
976.5 351.3
885.7 350.2
999.8 380.4
910 385.9
1017.6 389.9
927 394.2
1029 383
937.2 383.1
1035.4 374.9
942.8 369.2
-1 -1
941.9 365.5
1015.7 361.6
926.2 360.5
978.1 360.4
891.7 361.5
931.1 359
854.2 372.7
898.5 357
828.8 379.6
873.1 330.8
833.4 387.3
859.4 314.9
838.4 388.8
864.7 301.6
852.6 383.4
-1 -1
886.1 372.5
-1 -1
905.7 366.9
905.1 256.9
-1 -1
911.5 213
-1 -1
884.1 163.5
920.8 263.7
845.6 135.9
898.8 232.4
-1 -1
867.7 229
-1 -1
822.3 237.9
-1 -1
769.2 263.3
-1 -1
-1 -1
-1 -1
-1 -1
-1 -1
666 365.7
-1 -1
-1 -1
-1 -1
612.5 423.3
-1 -1
591.4 431.5
624.9 344
-1 -1
623.4 341
-1 -1
642 338
-1 -1
663.3 331.9
-1 -1
683.6 339.9
607.7 371
703.1 346.1
648.9 359.3
715.6 349.3
-1 -1
716.7 336.5
705.4 353
706.9 299.6
-1 -1
-1 -1
-1 -1
-1 -1
-1 -1
675.6 194.4
-1 -1
667.6 213.5
678 278.7
662.5 261.2
671.2 319.2
650.7 337.6
660.5 374.4
-1 -1
645.2 451
-1 -1
622.5 526
577 547.4
587.6 597
552.6 574
558 641.2
535.9 584
542.1 672.4
548.5 561.3
523.1 700.7
567.9 519.6
-1 -1
589.6 470.6
535.6 624.4
604.3 421.5
-1 -1
608.1 360
-1 -1
605.5 293.2
533.1 247.7
596.9 241.9
-1 -1
597.2 237
529.1 110.4
599.8 271.2
-1 -1
582.2 315.4
564.1 203.1
541.6 357.3
549.7 256.2
497.2 368.3
536.8 288.7
-1 -1
519.4 296.5
375.1 254.5
497.4 290.5
332.5 221.4
467.5 291.6
331.1 206.1
439 325.7
374.4 251.6
465.9 375
424.8 321.1
517.2 437.1
473.1 378.4
565.5 492.5
542.3 431.5
627.4 547.3
620.8 473.1
701.7 591.7
699.2 487
769 613.3
761.4 480.5
839.2 607.1
813 453.3
916.6 567.7
-1 -1
988.9 519.7
-1 -1
1043.2 456.4
-1 -1
1056.5 386.1
864.3 358.3
1026.5 347.1
827.4 397.4
978.6 353.6
785.9 461.2
926 402.4
734.8 539.3
863.2 461.7
667 607.3
797.7 528.8
621.9 676.4
746.8 580.9
-1 -1
711.7 625.2
-1 -1
-1 -1
-1 -1
692.1 624.8
-1 -1
-1 -1
-1 -1
-1 -1
792 677.3
-1 -1
880.9 696.6
970.5 628.2
-1 -1
1050 611.3
1071 722.8
1117 615.6
1129.6 742.9
1154 625.1
1155.1 734.2
1168.4 619.2
1148.2 667.7
1158.5 561.1
1125.6 558.7
1135.9 472.8
1121.7 448.2
1122.8 372.6
1138.3 345.8
-1 -1
-1 -1
-1 -1
1143.4 318.7
-1 -1
1116.4 384.9
1058.4 342.7
1082.5 474.3
1029.2 450.8
1060.7 529.8
-1 -1
1021.9 501
1018.9 575.6
978.7 460.5
997.5 563.6
952.1 426.5
969.5 527.5
947.4 415.3
955.3 492.5
942.1 402
943.4 451.5
-1 -1
922 408.8
896.4 366.3
-1 -1
874.2 375.1
861.6 339.8
861.6 398.2
838.2 324.2
865.9 427.4
829.9 338.1
883.3 466.3
835.4 375.1
923.6 507.6
-1 -1
998 535.3
915 467.8
-1 -1
980.2 502.7
1136.2 529
1028.7 520.3
1153.6 498.5
1052.4 519.6
1132.4 447.2
1056.1 497.7
1086.7 403.5
1033.4 471.5
-1 -1
994 445.9
938 323
945.2 416.6
891.1 301.5
891.6 391.6
846.9 291.5
842.8 377.5
798.9 286
804 373.7
781.1 308.7
752.2 374.5
771.3 324.2
728.3 378.5
775.2 350.9
696.3 360.3
760.4 343.4
676 348.4
739.2 358
648.6 344.3
728.7 372.8
633.9 341.6
726.3 373.8
631.3 325.3
-1 -1
654.8 317.5
-1 -1
698.7 314.6
827.9 380.3
-1 -1
849.5 400.9
-1 -1
874.5 410.5
776.4 408.7
892 406
799.8 427
910.6 396
828.9 426.5
941.3 352.8
872.9 410.4
965.4 274.8
915.2 350.1
-1 -1
941.9 262.3
-1 -1
950.1 173.2
942.2 28
-1 -1
942.3 23.3
958.8 124.1
-1 -1
-1 -1
982.6 206
981.2 305.6
969.4 318.3
950.9 400
947 371.2
900.4 453
923.7 389
866.4 457.2
892.6 396
837.4 447.6
843.2 435.5
804.5 434
806.4 449.9
765.6 434.7
772 476.9
731.7 443.9
717 529
696.8 469.2
655.8 581
664.6 511.5
619 597.6
613.7 546.8
592.5 595
579.8 557.4
575.7 588.2
566.4 553.6
575 543.8
556.3 521.9
-1 -1
554.9 493.3
580 475.9
536.1 491.1
575.9 456.1
522.6 519
562.5 481.5
511.5 540.8
542.7 510.9
505.4 563.7
-1 -1
490.4 561.5
-1 -1
491.3 527
-1 -1
500.5 474.1
-1 -1
517.8 388
-1 -1
524.2 304
-1 -1
-1 -1
510.8 258.1
521 217.7
520.9 311.3
541.9 263.6
-1 -1
565.4 346.7
-1 -1
582.8 417.5
-1 -1
583 444.1
-1 -1
591.9 482.9
-1 -1
623.1 543.2
-1 -1
659.4 604.2
-1 -1
699.2 650.2
652 711.2
739 677.3
696.4 726.1
783.6 680.7
-1 -1
817.5 662.5
-1 -1
838.8 617.9
-1 -1
843.7 553.3
-1 -1
851.6 502.8
694.8 450.4
839.6 440.1
620.8 357.3
788.7 368.8
514.8 275
703.9 304.3
-1 -1
628.4 295.3
-1 -1
568.2 323
498 198.8
-1 -1
549.3 244.7
540.4 408.2
591.6 304.2
569.7 463.8
607.3 382.9
620.8 538.9
-1 -1
662.6 610.5
678.6 529.8
724.4 676.9
-1 -1
791.9 729.5
-1 -1
872.4 753.6
901 624.5
971.7 743
970.9 621.3
1066.8 709.1
1020.2 596.2
1123.9 664.7
1050.4 572.1
1164.8 607.5
1078.3 534.3
1196.5 534.6
1101.1 467.1
1217.8 443.2
1108.5 388.3
1222.7 353.4
1111.7 316
1225.9 275.5
1113.8 267.3
1229.2 208.4
1109.3 249.1
1206 140.5
1097.4 231.2
1164.8 101.7
1075.4 234.1
-1 -1
1045.4 275.2
1051 162.7
1016.1 344.1
1000.1 251.6
987.5 415.7
967.3 326.1
970.5 476.2
950.3 387.4
962.4 536.1
945.9 426.9
955.7 586.7
941.9 444.6
965 609.3
946.1 449.6
1001.3 599.7
964.1 434.3
1010.3 569.4
988.1 387.7
-1 -1
969 333.4
-1 -1
930.7 286.5
-1 -1
897.5 259.9
873.6 379.7
864.4 243.7
841.3 347
845.5 226.8
832.6 328.7
844.4 219.9
834.2 308.6
848.8 208.9
839.2 280.8
854.7 181.6
856.9 281.8
869 182.9
879.1 314
880.3 215.4
901.1 348
891.7 256.5
918.5 363.5
897.8 281.9
921.1 363.9
896 290.3
907.5 363.8
883 292.3
890.5 372.3
869.7 292.5
897.5 385.9
878.6 297.2
936.9 398.6
906.8 303.8
992.1 397.9
938.3 306.2
1046.6 380.2
969.4 300.7
-1 -1
988.4 298.4
-1 -1
978.2 321.8
-1 -1
967.2 377.5
-1 -1
968.7 378.2
-1 -1
-1 -1
-1 -1
954.2 309.5
-1 -1
919.6 290.3
974.2 236.2
874.9 285
-1 -1
827.2 309.3
-1 -1
780.3 345
-1 -1
746.8 371.6
810.6 420
715.4 395.5
766.9 428.9
675.1 402.3
711.4 414.5
622.5 385.2
660.8 390.6
576.8 338.3
634 360.6
577.6 276.3
649.4 341.6
619.1 245.4
-1 -1
677.7 259.1
744.4 385.3
-1 -1
789.9 401
-1 -1
839.6 386.9
814.2 318.2
884.7 345.1
838 301.9
907.8 287.6
-1 -1
-1 -1
848.5 269.2
-1 -1
832.9 251.8
-1 -1
824.7 246.5
-1 -1
-1 -1
-1 -1
807.9 284.9
782.3 248.7
774.7 341.7
749.5 297.9
742.1 385.6
731 328.7
713.9 417
714.8 337
695.1 427.2
690.5 337
663 431.1
663.3 329.9
633.2 427.1
635.2 307.9
616.7 413.6
603.4 305
597.9 417.7
581.6 344.8
-1 -1
552.5 389.6
520.3 509.3
533.9 411.2
476.3 530.7
525.1 440.7
429.7 538.4
515.5 485.2
389 528.4
511.4 491.2
385.9 485.8
513.7 484.6
414.4 401.8
528.9 500
473.5 372.4
568.4 531.5
534.2 404.8
593.5 554.8
573.5 437.3
599.9 557
587.9 452
601.8 536.4
596.5 440.6
593.9 495.4
597.6 422.3
560.8 451
577.4 390.6
-1 -1
555.4 360.2
-1 -1
542.9 325.8
453.4 277.7
539 311
456.7 259.2
553.3 341.9
496.5 273.7
565.5 393.9
540.4 294.1
570.1 417.3
588.1 329.4
583.7 438.7
617.9 359.3
621.3 476.3
638.3 380.6
645.2 506.1
663.4 407.8
671.3 537.9
679.1 448.3
704.3 580.9
700.9 493
759.6 622.7
729.9 540.3
826.2 644.3
758.7 575.5
882.1 632.1
805.6 597.3
935.1 612.2
871.8 615.9
997.8 594.6
940.9 613.4
1054.9 551
1003.5 591.4
1050.4 467.2
1050.2 540
1000.8 406.7
1090.6 491.6
996.9 380
1161.3 435.2
1027 368.3
-1 -1
1037.3 333.4
-1 -1
1033.4 317.4
-1 -1
1028.8 319.9
-1 -1
1016.9 337.9
1020.5 224.4
973.2 366.2
962 279.1
902.2 419.2
890.7 347.3
833.8 488.9
840.2 416.2
790.2 560.9
829.5 475.7
767.9 596.8
816.6 516.9
-1 -1
788.8 536.2
754.9 452.8
-1 -1
-1 -1
-1 -1
841.2 318.2
840.6 489
872.9 336.9
-1 -1
877.6 411.2
860.6 515.6
885.3 462
888.1 552.2
900.7 468.1
907.1 539.2
922.1 481.9
909.9 488.6
937.8 493.4
907.1 423.8
939.2 477
916.5 339.4
931.8 442.5
917.6 284
929 383
917 240.5
926.1 334.5
913 206.7
919.9 296.1
892 211
910.7 271.1
872.7 243.7
901.6 256.5
-1 -1
888.7 263.7
856.6 264.9
876.3 334.5
843.4 297
865 387.2
831 316.4
855.4 412.1
805.6 329.5
831.5 422.3
782.6 349.7
804 430.1
775.6 385.6
780.5 427.5
775.4 410.6
-1 -1
-1 -1
753.6 409
780.6 439.4
746.3 382.4
782.1 435.4
744.7 356
771.9 427.3
732 324.4
750.5 401
711.3 285.2
729.2 346.7
696.4 242.7
718 258.2
690.1 191.6
-1 -1
689.2 147.2
722.5 110.2
685.9 164
705.9 103.8
682.7 238.9
716.4 162.2
714 283
742.9 209.6
759.8 309.4
782.1 238.1
816.4 312.7
821.3 238.5
868.7 288.7
843.3 214
898.4 245.6
840.4 202.7
904.7 195.9
831.9 215.9
889.1 150
822.7 231.5
861.8 136.1
804.6 259.6
843.9 165.4
785.5 330
818.3 243.6
776 415.5
-1 -1
781.6 479.3
812.8 484.1
793.3 514.6
828.6 566.3
784 515.3
830.6 610
750.8 483
803.7 606.9
722 445.6
778.9 562.7
721.8 438.5
769.6 513.7
743.2 425.2
788.2 509.1
776.1 424
821 507
812.1 416.4
852.3 488.8
831.4 383.6
871.9 462.6
828.8 345.5
867 429.9
825.4 316.5
856.5 397.3
829.1 311.1
842.6 360.3
830.5 307
-1 -1
824.6 299.4
824 319.4
-1 -1
803.5 291.2
828.3 302
792.9 264.6
843.5 321.5
797.3 252.5
865.4 356.2
817.3 275.3
894 406.1
842.6 329.8
926.8 443.5
858 386.4
958.9 447.5
874.1 410.3
980.5 404.1
890.3 423.1
949.8 347.3
917.5 425.6
-1 -1
900.4 399.3
-1 -1
886.6 383.5
-1 -1
843.6 394.5
-1 -1
785.8 421.1
-1 -1
707.9 432.2
702.1 386
629.7 420.7
662.9 370.9
572.4 384.7
639.1 340.9
534.9 318.4
629.5 282.1
-1 -1
-1 -1
-1 -1
-1 -1
-1 -1
-1 -1
638.7 44.4
626.6 158.7
-1 -1
-1 -1
753.5 168.4
734.5 326.6
784.2 241.5
768.5 384.2
801.9 291.8
783.3 392.9
799.1 299.5
787.5 369.7
792.1 282.5
796.5 311
787 252.7
-1 -1
-1 -1
-1 -1
763.6 233.7
-1 -1
740.1 224.6
-1 -1
735.7 245.4
692.1 178.5
725.1 252.8
684.6 223.3
715.4 303.4
654.3 289.5
683.3 351.6
622.4 359.3
654.7 406.3
605.5 413.6
633.4 482.3
588.6 455.7
605.6 548.7
568.9 477
574.6 594.5
563.5 476.3
550.6 617.8
576.9 484.4
512.2 599.1
580 501.1
492.3 518.8
581 460.1
-1 -1
576.2 385
483 254.5
561.2 288.6
-1 -1
549.2 200.4
446.9 77.7
-1 -1
450 77.7
-1 -1
-1 -1
558.7 139
-1 -1
582.3 197.9
524.6 250.2
603.4 287.4
-1 -1
600.6 378.6
491.7 361
578.6 448.7
466.5 397.8
552.4 485.4
455.3 398.3
515.4 499.3
489.4 380.8
520.9 493.5
562.1 391.4
-1 -1
641.2 403.1
621.7 471
729.1 427.2
695.7 495.7
800.8 443.7
-1 -1
851.1 459.9
771.5 539.4
906.7 518.3
803.8 592.7
937.5 560.7
825 645.1
967.2 636.3
842.5 703.3
984.5 678.5
860.3 737.8
999.6 690.5
-1 -1
984.7 679
804.6 706.9
-1 -1
737.7 649.4
-1 -1
-1 -1
837.8 512
-1 -1
815.3 422.6
-1 -1
826.1 414.6
-1 -1
-1 -1
857.5 441.1
902.6 565
913.4 500.3
963.8 616
937.2 542.5
1002.1 637.7
959.2 563.1
1017.4 664.1
954 568
1024.8 634.7
935.7 550.2
1001.4 583.4
919.2 549.1
973.4 555.3
-1 -1
958.7 580.4
938.9 580.9
966.8 607.2
951.7 585.1
980.3 623.1
965.3 614.1
-1 -1
977.5 639.2
982.7 575.2
991.1 637.2
973.2 530.7
993 605.1
969.2 494.3
983.3 570.6
955.5 453.2
963.4 514.6
941.5 418.1
931.6 439.2
927.7 383.4
905.3 385.1
916.7 313.3
893.4 334.6
922.6 231.9
908.1 288.6
945.5 154.4
942 257.3
947.7 125.6
968.4 229.4
909.6 170.7
969.9 214.4
900.5 263.9
-1 -1
900.2 304.6
-1 -1
902.2 354.8
950.9 409.8
891.5 373.1
958.6 426.4
896.6 386
956.3 433.4
898.9 402
945 430.3
891.5 397.6
924.5 415.9
870.1 372.6
908.7 398.1
852 337.5
892.3 374.4
837.9 306
867.4 346.7
825.8 261.6
826.8 303.6
826.8 209.2
812 263.5
820.8 164.5
813.5 225.7
-1 -1
838.2 201.4
839.4 97.8
884.1 206.9
878.6 101.5
-1 -1
908.9 135.3
1045.4 238.4
-1 -1
1093.9 230.2
1011.4 286.2
1101.1 253.1
1040 330.3
1061.2 294.7
1023.6 380.4
1012 333.4
984.5 412.5
966.4 347.5
931.7 424.9
-1 -1
868 437.9
835.8 376.5
798.4 445.6
-1 -1
729.3 438
718.1 368.9
660.9 424.1
-1 -1
595.5 402.3
639.5 376
544.4 377.3
-1 -1
499 355.2
563.3 382.1
471 321.7
536.9 366.6
473.8 273.5
526 341.9
517 230.8
-1 -1
-1 -1
-1 -1
624.1 152
678.5 231.3
-1 -1
741.4 241.6
721.5 138.5
771.1 294.2
762.4 197.1
770 354.6
785.4 268.9
768.8 379.7
783.7 297.4
772.8 359.1
776.1 271.7
768.9 314.4
755.6 224.1
750.9 264.8
723.5 191.7
726.4 232.6
692.3 200.8
713.4 258
-1 -1
700.4 333.4
-1 -1
683.3 418.3
-1 -1
-1 -1
-1 -1
637.8 549.4
-1 -1
615.6 580.9
552.8 596
593.7 600.8
522.9 606.5
571.2 535.6
474.4 545.3
523.7 420
402.9 454
483.1 342
366.9 400
491.2 354.6
375.1 387.3
523.7 406.8
437 441.3
568.3 483.9
519.1 535.5
-1 -1
579.6 598.2
597.1 551.1
604.4 603.6
572 504.6
608.7 556
536 440
597.1 484.6
492.5 355.5
566.9 428
458.2 289.6
540 381.4
469.4 275.1
557.7 371.8
524.3 305
609.4 408.8
593.5 363.1
670.3 476.9
643.9 421.4
711.4 545.6
676.6 460.1
745.2 590
-1 -1
784.9 593.2
729.5 419.3
826.9 535.3
-1 -1
-1 -1
-1 -1
827.8 360.1
651.8 276.6
783.5 295.3
603.5 318.2
739 328.2
566.5 383.3
701.3 424.4
557.8 450.3
677.1 519.9
578.7 506.8
693.5 580.2
624.8 552.2
745.7 611.1
682.6 586.5
810 631.1
749.8 598
879.7 637.2
822 572.6
947.8 626.9
909.7 555.3
1037.5 609.7
1006.5 538.9
-1 -1
1083.1 533.4
1217.1 573.5
1110.8 539.3
1249.2 540.4
-1 -1
1211.7 526.7
-1 -1
-1 -1
913.9 603
1024.3 552.9
829.4 631.1
937.7 587.9
764.6 656.7
865.4 607.3
722.9 645
826.2 634.5
709.5 631.1
807.4 659.3
719.4 637.4
805.9 698.4
-1 -1
803.5 685.7
744.5 541.3
794.8 646.3
-1 -1
819.6 569.3
851 362.7
859.7 491.9
892.5 313.5
886.5 452.8
911 331.6
906.6 471.9
918.1 395.2
928.7 529.2
925.9 457.5
952.9 587.3
918.7 502.5
958.3 626.2
901.6 533.1
949.7 656.9
892.1 561.7
946.7 695.6
919.5 590.6
973.9 729.9
1014.9 620.6
-1 -1
-1 -1
-1 -1
-1 -1
1164 785.6
1145.8 686
1152.6 775.9
1064.2 665.8
1068.5 733.3
-1 -1
988.1 683.9
898.5 566
-1 -1
856 491.3
-1 -1
-1 -1
-1 -1
-1 -1
811.4 316.1
-1 -1
812.6 211.3
829.8 166.3
-1 -1
833.6 132.8
827.2 89.4
852.3 122
-1 -1
860.9 149.2
-1 -1
858 177.7
847.5 118.7
864 207.6
843.7 153.9
884.6 233.8
850.5 177.7
927.1 248.9
875 192.7
979.5 266.9
907.7 218.9
1022.7 282.5
932.1 264.4
1044.6 296.5
948.9 308.4
-1 -1
968.3 326.5
-1 -1
999.6 337.1
1010.8 243
1041.5 342.4
-1 -1
1047.2 349.5
-1 -1
1037.5 353.7
-1 -1
-1 -1
-1 -1
1045.7 341.7
-1 -1
1042 353.5
-1 -1
1005.2 382.7
911.7 350.6
944.7 412
-1 -1
877.1 430.7
-1 -1
813.9 434.4
-1 -1
746 423
741.9 330.1
687.2 392.4
714.4 310.6
638.6 357.8
-1 -1
608.6 323.7
-1 -1
583.1 282.4
-1 -1
556.7 224
-1 -1
-1 -1
-1 -1
-1 -1
-1 -1
547.6 61.7
644 117.6
576.1 26
654.7 116.2
620.3 15.9
672.3 137.7
680.6 45.1
707.9 191.2
719.5 97.4
722.5 269.9
743 176.7
732.7 342.8
740.4 246.1
754.1 369
742.4 293.4
769.9 366
757.5 306.2
776.3 323
758.2 311.5
-1 -1
-1 -1
-1 -1
738.8 228.6
-1 -1
-1 -1
709.1 173
734.6 270
712 228.5
726.4 327
700.2 290.1
707.7 384.1
684.1 340.7
683.6 441.8
669.9 392.5
651 504.5
655.2 444.1
611.9 552
639.3 480.6
580.2 553.3
629.9 494
569.6 512.9
622.5 496.6
562.6 453.7
603.2 501.5
552.9 376.1
577.3 472.9
543.1 310.1
575.5 422.5
538 253.8
564.3 362.3
545.3 208.4
573.4 305.2
546.4 172.9
588.7 259.4
560.6 169.6
