2000
-1 -1
-1 -1
-1 -1
-1 -1
-1 -1
-1 -1
-1 -1
813.392 420.042
856.748 312.496
-1 -1
888.829 373.612
889.492 531.049
884.897 439.433
-1 -1
870.354 511.593
-1 -1
876.523 577.511
914.301 749.516
-1 -1
949.232 779.742
885.219 648.751
-1 -1
919.958 675.983
-1 -1
-1 -1
-1 -1
-1 -1
-1 -1
-1 -1
1186.83 622.169
-1 -1
-1 -1
-1 -1
-1 -1
1101.98 675.953
-1 -1
-1 -1
-1 -1
-1 -1
968.174 537.12
-1 -1
-1 -1
771.769 679.846
-1 -1
716.033 605.01
-1 -1
712.954 510.926
-1 -1
740.065 423.914
809.54 501.565
777.067 347.888
820.459 469.453
824.455 280.917
827.968 440.99
880.977 252.526
852.058 416.304
944.024 253.991
891.004 405.965
997.985 278.989
937.014 416.946
1039.93 318.987
984.996 453.646
1085.19 349.107
1039.46 485.83
1129.57 367.721
-1 -1
1177.52 399.25
1150.52 541.794
1219.31 442.642
1214.15 589.467
1252.1 481.475
1272.43 630.025
1277.39 504.924
1316.52 647.049
1295.01 523.518
1351.27 647.267
1313.59 537.862
1380.44 635.041
1319.11 542.529
1385.74 607.223
1313.63 541.009
-1 -1
1303.1 534.677
-1 -1
1291.87 521.434
-1 -1
1281.84 500.616
-1 -1
1273.48 491.063
-1 -1
1265.05 489.662
1230.98 394.321
1256.47 504.857
1213.46 387.091
1266.05 533.498
1206.51 412.975
1287.85 550.414
1208.26 442.513
1310.02 518.989
-1 -1
1333.05 429.067
-1 -1
1351.54 341.289
-1 -1
1339.1 266.074
1286.85 411.447
1286 221.928
-1 -1
1211.12 222.564
1274.42 351.594
1150.44 251.089
1229.33 356.181
1109.53 294.918
1197.34 386.059
1080.42 346.009
1167.92 425.363
1069.47 385.038
1158.93 464.682
1070.04 414.475
-1 -1
1077.97 431.047
1159.54 528.145
1089.1 439.606
1149.57 542.536
1091.5 450.086
-1 -1
1081.01 453.439
-1 -1
1049.59 445.801
-1 -1
1013.32 427.442
-1 -1
980.453 411.203
-1 -1
954.217 395.484
-1 -1
940.248 385.529
865.636 313.536
941.542 381.8
875.348 284.512
974.855 390.458
-1 -1
1031.37 414.949
956.375 317.039
1113.56 437.461
1018.53 360.488
1210.48 422.497
-1 -1
1259.33 422.968
-1 -1
1265.45 394.504
1147.21 438.859
1250.93 335.636
-1 -1
1217.62 251.055
-1 -1
1175.97 194.673
1172.12 328.996
1128.77 182.558
1169.48 308.47
1081.16 210.877
1147.31 319.016
1049.67 246.666
1113.61 351.679
1019.53 267.5
1076.19 375.195
985.723 282.926
-1 -1
956.003 299.355
-1 -1
926.931 321.597
964.477 426.502
904.537 343.459
931.614 446.215
895.166 361.598
901.68 461.219
884.394 383.122
-1 -1
862 398.976
-1 -1
845.992 403.063
-1 -1
822.751 399.422
-1 -1
797.955 405.907
687.949 419.986
766.425 429.433
-1 -1
742.023 450.975
-1 -1
725.891 476.571
-1 -1
743.824 490.541
-1 -1
791.302 500.397
-1 -1
862.276 504.903
-1 -1
-1 -1
-1 -1
1006.08 443.634
-1 -1
1046.27 380.309
985.863 416.257
1064.08 315.029
1017.81 391.526
1060.68 258.993
1036.11 364.881
1047.68 237.691
1040.04 353.948
1026.31 250.118
1036.57 358.24
1000.08 271.994
1021.88 371.863
955.402 305.998
1002 374.059
902.415 347.442
970.456 376.733
848.188 381.415
-1 -1
796.873 418.421
-1 -1
754.263 443.925
839.426 455.683
720.284 453.957
-1 -1
690.995 460.049
-1 -1
664.498 473.044
706.727 537.275
624.451 496.994
-1 -1
-1 -1
-1 -1
-1 -1
-1 -1
-1 -1
-1 -1
-1 -1
-1 -1
-1 -1
-1 -1
-1 -1
-1 -1
645.51 548.488
-1 -1
664.002 559.579
-1 -1
677.851 580.572
-1 -1
691.615 608.11
-1 -1
-1 -1
-1 -1
-1 -1
-1 -1
670.322 651.969
-1 -1
646.085 655.276
705.107 609.313
612.022 636.094
686.661 593.691
-1 -1
666.465 576.597
-1 -1
644.78 554.504
-1 -1
623.56 506.701
-1 -1
-1 -1
-1 -1
-1 -1
-1 -1
-1 -1
-1 -1
-1 -1
-1 -1
-1 -1
-1 -1
-1 -1
834.494 364.093
-1 -1
872.634 433.946
759.577 423.091
888.603 488.077
-1 -1
883.453 540.087
762.291 541.373
862.361 579.012
-1 -1
834.983 595.945
-1 -1
801.893 595.379
697.109 692.634
798.524 619.964
-1 -1
820.38 636.315
-1 -1
839.485 643.556
-1 -1
863.015 653.035
-1 -1
874.451 661.398
948.339 811.362
-1 -1
993.212 795.532
866.348 725.603
1017.92 784.266
870.864 762.239
1031.97 736.988
892.043 793.036
1020.99 687.958
913.985 796.047
1024.87 672.877
-1 -1
1052.11 647.873
-1 -1
-1 -1
-1 -1
1126.13 530.087
1145.49 604.514
1149.08 448.278
1169.65 511.416
-1 -1
-1 -1
1131.31 273.935
1164.99 357.046
1090.01 231.032
-1 -1
-1 -1
1045.37 350.484
-1 -1
976.402 419.515
-1 -1
922.229 507.572
-1 -1
877.493 597.463
-1 -1
835.138 676.262
764.878 551.872
801.08 702.985
764.767 543.489
790.759 672.619
798.003 502.067
795.247 612.226
-1 -1
832.54 580.909
911.368 519.827
889.382 631.267
-1 -1
951.123 680.386
1014.09 624.36
1019.94 731.194
-1 -1
1079.51 740.438
-1 -1
1124.18 701.693
-1 -1
1148.92 645.052
1224.93 730.587
1173 578.977
-1 -1
1207.91 530.875
-1 -1
1239.82 509.48
1308.44 579.863
1259.55 510.898
-1 -1
1264 508.375
-1 -1
1249.35 508.868
-1 -1
1224.51 502.945
1260.41 405.704
1201.55 502.093
1213.27 373.794
1178.7 504.092
1170.87 369.405
1160.11 524.529
1138.62 393.157
1152.97 566.558
-1 -1
1167.99 631.427
-1 -1
1211.98 692.921
-1 -1
-1 -1
1200.69 572.301
-1 -1
1238.03 574.942
-1 -1
-1 -1
-1 -1
-1 -1
-1 -1
1269.37 513.537
-1 -1
-1 -1
-1 -1
1205.77 437.125
1278.91 344.14
1173.38 378.049
1242.88 257.862
-1 -1
1204.99 220.014
1125.1 312.404
1180.17 243.883
-1 -1
1153.47 306.07
-1 -1
1123.02 357.546
-1 -1
1099.29 415.341
-1 -1
1077.14 464.143
-1 -1
1048.38 498.424
1004.17 423.818
1011.97 495.716
972.493 397.139
977.675 479.975
945.939 373.211
953.881 463.02
937.091 360.019
956.005 449.973
-1 -1
973.507 444.582
-1 -1
1023.17 475.567
-1 -1
1088.49 520.281
-1 -1
1152.49 559.343
-1 -1
1226.39 590.412
-1 -1
1307.17 597.128
-1 -1
1381.21 566.229
1377.27 471.399
1418 504.991
-1 -1
1407.15 449.58
-1 -1
1374.62 422.324
-1 -1
1344.3 387.502
1231.42 419.71
1305 380.851
1196.98 436.355
1259.39 396.193
-1 -1
1201.38 421.596
-1 -1
1143.73 450.509
-1 -1
1094.34 468.231
987.653 507.68
1042.41 474.038
-1 -1
-1 -1
-1 -1
938.161 477.92
-1 -1
-1 -1
-1 -1
-1 -1
743.113 473.775
794.007 504.765
-1 -1
733.025 509.235
659.216 440.541
675.972 501.977
-1 -1
627.729 479.537
-1 -1
-1 -1
-1 -1
-1 -1
-1 -1
-1 -1
-1 -1
667.502 346.536
-1 -1
748.608 373.941
-1 -1
824.543 425.562
894.478 345.159
880.807 470
930.549 375.491
918.603 483.985
-1 -1
-1 -1
953.747 387.579
936.561 437.463
-1 -1
-1 -1
932.031 379.867
920.39 320.268
-1 -1
904.028 278.601
-1 -1
882.43 270.416
876.292 383.876
-1 -1
849.474 407.985
793.602 346.521
-1 -1
731.637 404.026
-1 -1
682.539 447.927
-1 -1
656.482 488.105
-1 -1
-1 -1
-1 -1
626.425 515.915
-1 -1
-1 -1
-1 -1
-1 -1
-1 -1
-1 -1
-1 -1
-1 -1
-1 -1
-1 -1
-1 -1
-1 -1
-1 -1
-1 -1
-1 -1
-1 -1
-1 -1
-1 -1
-1 -1
-1 -1
-1 -1
-1 -1
-1 -1
-1 -1
-1 -1
-1 -1
-1 -1
-1 -1
-1 -1
-1 -1
-1 -1
-1 -1
-1 -1
-1 -1
-1 -1
-1 -1
679.034 519.578
-1 -1
686.069 574.482
-1 -1
702.108 625.611
-1 -1
729.122 678.383
-1 -1
-1 -1
-1 -1
818.731 763.959
-1 -1
-1 -1
774.999 738.144
912.032 755.053
817.476 704.979
959.529 720.05
856.775 644.519
1002.75 659.635
893.094 559
-1 -1
930.86 486.869
1083.08 521.194
955.985 415.039
1106.34 476.871
982.037 360.019
1123.98 446.966
1030.81 316.252
1138.15 444.88
1106.53 302.942
1149.83 461.262
1168.44 315.47
1169.4 477.517
1189.93 329.142
1191.57 491.016
1197.01 341.142
-1 -1
1204.56 352.791
-1 -1
1222.07 358.105
-1 -1
-1 -1
1404.61 366.576
-1 -1
1394.59 318.475
1282.96 427.952
-1 -1
1293.54 444.502
1346.96 303.167
1274.28 462.124
-1 -1
1222 475.395
-1 -1
1153.42 503.959
-1 -1
1081.9 547.366
-1 -1
1014.29 589.969
974.921 455.941
975.804 625.467
934.331 490.633
945.009 655.092
924.508 497.829
904.376 646.119
924.64 482.808
880.079 584.953
923.394 468.745
891.5 515.99
-1 -1
-1 -1
-1 -1
972.115 271.934
-1 -1
1018.21 171.607
986.177 309.76
1055.01 142.102
1012.68 302.091
1075.46 169
1040.98 325.99
1093.85 221.061
1075.58 360.038
1112.82 275.019
1104.88 405.588
1134.43 333.147
1139.6 443.062
-1 -1
-1 -1
-1 -1
-1 -1
1245.9 515.441
-1 -1
1258.01 542.45
-1 -1
1233.1 535.363
-1 -1
1194.02 508.586
-1 -1
1168.92 491.585
1137.79 422.491
1151.44 469.94
1116.36 400.976
1139.88 453.5
-1 -1
1148.12 424.734
-1 -1
1153.55 400.043
1116.96 489.423
1161.54 387.922
1135.81 504.464
1153.94 363.076
1150.02 500.448
1130.83 332.155
1152.44 477.154
1090.85 313.23
1135.93 452.28
1031.84 320.442
-1 -1
979.375 353.047
1057.1 454.641
949.976 383.03
1009.7 501.287
924.074 414.049
975.341 531.536
907.461 429.109
947.985 542.472
885.859 436.546
917.136 541.14
854.145 421.806
-1 -1
820.652 385.745
-1 -1
794.581 346.864
-1 -1
779.52 299.826
755.791 366.379
-1 -1
-1 -1
-1 -1
-1 -1
831.137 254.032
-1 -1
863.713 261.979
-1 -1
905.875 268.274
795.033 268.972
958.63 282.025
-1 -1
998.439 291.15
879.436 322.701
1017.21 325.859
900.629 363.739
1028.6 384.851
-1 -1
1032.56 418.231
-1 -1
1025.39 433.296
-1 -1
1009.91 431.692
905.039 455.169
993.809 427.962
-1 -1
979.165 426.057
-1 -1
955.277 422.884
-1 -1
914.474 430.087
-1 -1
866.065 438.039
-1 -1
833.973 441.246
735.905 490.016
812.538 413.29
746.272 497.585
803.434 393.733
-1 -1
816.32 376.246
791.501 480.534
832.886 353.158
-1 -1
852.367 341.689
854.02 446.966
864.99 315.095
868.186 424.358
870.432 263.907
874.376 380.158
-1 -1
882.058 319.722
-1 -1
-1 -1
-1 -1
-1 -1
-1 -1
-1 -1
-1 -1
-1 -1
-1 -1
-1 -1
-1 -1
688.936 430.561
-1 -1
663.464 473.517
-1 -1
632.479 523.975
648.985 430.369
-1 -1
-1 -1
-1 -1
-1 -1
-1 -1
-1 -1
-1 -1
643.435 441.039
-1 -1
651.942 433.363
-1 -1
652.685 445.544
-1 -1
-1 -1
-1 -1
613.005 472.287
-1 -1
-1 -1
-1 -1
-1 -1
599.16 474.269
-1 -1
-1 -1
-1 -1
-1 -1
-1 -1
-1 -1
-1 -1
-1 -1
-1 -1
-1 -1
-1 -1
-1 -1
771.594 502.977
-1 -1
816.513 584.942
-1 -1
855.991 626.031
-1 -1
900.014 636.089
833.994 755.786
951.031 623.443
-1 -1
993.97 580.072
-1 -1
1020.51 525.794
-1 -1
1036.46 469.79
-1 -1
1050.36 416.436
-1 -1
1049.81 354.808
-1 -1
1023.05 295.516
-1 -1
974.943 253.964
-1 -1
932.961 255.954
-1 -1
884.36 302.428
-1 -1
-1 -1
-1 -1
738.622 428.663
-1 -1
-1 -1
764.953 341.007
-1 -1
-1 -1
-1 -1
-1 -1
-1 -1
-1 -1
-1 -1
-1 -1
-1 -1
-1 -1
-1 -1
-1 -1
772.204 437.317
-1 -1
847.11 483.816
-1 -1
931.441 513.458
-1 -1
1017.95 507.771
-1 -1
1089.47 480.898
-1 -1
1146.37 435.172
-1 -1
1197.38 381.977
-1 -1
1216.1 342.432
-1 -1
1201.77 330.066
-1 -1
1172.04 341.01
-1 -1
1135.52 384.091
-1 -1
1102.09 458.358
1183.94 384.795
1081.66 543.469
-1 -1
1081.25 609.955
1116.71 524.605
1095.95 673.914
1107.42 579.335
1101.09 678.067
-1 -1
1118.39 622.425
-1 -1
1143.92 564.176
-1 -1
-1 -1
-1 -1
1212.91 613.015
-1 -1
1243.96 621.964
-1 -1
1294.88 629.967
-1 -1
1351.47 627.128
1303 563.72
1387.98 637.44
1332.26 562.427
1412.37 655.023
1345.92 571.141
1420.64 643.868
1347.79 565.489
1406.46 579.986
-1 -1
1386.49 477.027
-1 -1
1389.63 372.606
-1 -1
1405.52 280.543
-1 -1
1418.02 244.021
1312.2 186.651
1420.03 255.013
-1 -1
1411.42 310.386
-1 -1
1390.06 393.99
-1 -1
1367.52 449.781
-1 -1
1305.88 446.832
-1 -1
1227.97 434.011
-1 -1
1164.01 418.517
-1 -1
1127.32 419.84
1091.33 516.821
1085 419.515
-1 -1
1033.95 412.692
968.795 461.877
986.13 406.325
915.224 436.357
951.378 424.934
864.743 408.15
924.572 458.859
836.71 394.428
922.648 494.645
837.835 410.173
944.304 534.69
860.126 448.385
999.269 568.532
905.666 496.734
1082.54 576.073
-1 -1
1167.95 555.954
1056.81 546.906
1212.2 530.49
1103.37 552.021
1216.69 497.446
1115.56 549.648
1182 452.948
1100.09 531.882
1131.44 419.953
-1 -1
1053.43 390.477
-1 -1
966.194 368.557
-1 -1
897.635 357.646
-1 -1
838.001 356.96
-1 -1
779.566 359.858
-1 -1
768.362 387.185
-1 -1
766.281 405.933
-1 -1
781.223 435.438
661.251 471.614
774.55 426.892
650.739 456.084
755.744 447.531
-1 -1
742.526 468.089
-1 -1
746.454 468.849
-1 -1
783.067 453.07
-1 -1
829.777 448.936
-1 -1
872.446 450.208
-1 -1
887.72 472.119
-1 -1
901.765 482.231
-1 -1
897.974 479.94
-1 -1
894.561 471.538
-1 -1
908.441 417.514
-1 -1
916.51 329.172
-1 -1
-1 -1
-1 -1
-1 -1
904.494 215.511
-1 -1
-1 -1
-1 -1
-1 -1
-1 -1
-1 -1
944.435 245.634
-1 -1
950.506 368.984
-1 -1
922.968 436.799
886.312 542.966
888.146 466.009
875.193 547.768
861.715 479.596
-1 -1
837.677 530.462
-1 -1
836.385 544.579
-1 -1
847.876 568.939
-1 -1
844.537 628.499
884.476 536.976
817.119 698.631
873.147 586.666
780.838 731.5
845.431 636.194
749.449 738.019
818.079 656.66
-1 -1
799.979 657.178
706.307 684.007
779.948 620.4
726.947 634.545
798.276 577.217
-1 -1
811.503 564.489
762.042 547.475
-1 -1
763.394 576.168
839.859 613.929
744.656 617.163
836.421 643.485
723.886 645.423
826.998 642.01
724.044 616.051
830.349 598.242
716.77 524.478
-1 -1
717.316 432.53
-1 -1
705.137 359.089
-1 -1
-1 -1
807.945 274.528
-1 -1
-1 -1
-1 -1
-1 -1
-1 -1
-1 -1
651.589 541.032
790.151 491.512
648.62 578.086
788.389 524.059
673.524 620.144
-1 -1
-1 -1
-1 -1
-1 -1
-1 -1
-1 -1
-1 -1
-1 -1
-1 -1
-1 -1
-1 -1
-1 -1
-1 -1
1163.5 645.451
-1 -1
1150.61 576.464
-1 -1
1125.99 503.044
1271.94 442.036
1097.12 438.868
-1 -1
1057.17 351.851
-1 -1
1017.18 272.065
-1 -1
-1 -1
-1 -1
1014.34 184.323
-1 -1
1040.99 194.516
993.156 366.177
1049.94 239.194
1002.06 410.205
1071.85 293.895
1028.03 462.043
1083.77 367.72
-1 -1
1110.48 435.423
-1 -1
1151.37 497.712
-1 -1
1195.06 545.973
1234.93 687.009
1239.96 565.004
-1 -1
1285.66 561.253
-1 -1
1321.43 549.883
1370.56 631.958
1332.51 525.973
1380.47 587.27
1331.57 507.993
-1 -1
1321.06 477.5
-1 -1
1303.84 421.578
-1 -1
1281.01 355.456
-1 -1
1261.39 293.944
-1 -1
1240.07 254.508
-1 -1
1215.05 242.547
-1 -1
1193.51 229.565
-1 -1
1173 235.975
-1 -1
1149.23 279.534
-1 -1
1131.28 350.542
1161.56 249.545
1127.14 423.051
1152.07 322.791
1145.72 479.025
1171.53 376.017
1184.75 526.888
1195.94 406.311
1240.09 554.615
1213.81 417.544
1302.36 546.954
1250.56 409.909
1375.19 506.593
1288.18 383.864
1388 470.067
1334.64 327.631
1389.92 416.99
1307.52 287.482
1335.03 378.565
-1 -1
1230.04 380.966
-1 -1
1127.75 377.138
-1 -1
1026.08 369.453
-1 -1
947.988 370.663
903.52 261.398
890.42 363.167
851.508 258.769
856.149 339.501
-1 -1
841.846 345.733
-1 -1
827.278 389.589
-1 -1
819.579 434.482
793.733 328.615
-1 -1
780.595 362.404
-1 -1
766.816 375.407
781.426 466.47
760.744 377.68
796.951 470.31
778.79 373.159
849.184 471.621
-1 -1
932.336 465.542
893.531 362.462
1019.14 441.377
-1 -1
1090.95 404.189
-1 -1
1126.61 380.485
1031.62 327.55
1118.01 386.944
1017.89 356.213
1099.14 385.985
997.027 421.85
1098.86 391.806
996.976 423.085
1101.05 351.094
1004.98 384.888
1078.46 294.183
988.747 347.047
1037.77 266.174
-1 -1
993.683 269.947
904.17 335.053
-1 -1
-1 -1
901.715 389.918
-1 -1
853.891 457.451
-1 -1
795.293 521.441
-1 -1
735.479 547.428
-1 -1
670.746 542.479
-1 -1
609.968 521.971
-1 -1
-1 -1
-1 -1
-1 -1
-1 -1
654.587 466.592
-1 -1
707.727 496.231
-1 -1
737.348 513.376
-1 -1
767.672 491.07
764.081 404.748
793.767 435.984
-1 -1
-1 -1
-1 -1
-1 -1
-1 -1
-1 -1
-1 -1
-1 -1
718.893 325.171
-1 -1
704.53 338.607
672.447 265.212
-1 -1
-1 -1
-1 -1
663.018 396.612
-1 -1
656.191 436.552
640.449 555.135
649.755 446.372
637.679 567.43
640.098 446.309
636.862 567.763
-1 -1
641.236 557.999
-1 -1
-1 -1
-1 -1
665.55 532.054
684.814 432.621
-1 -1
715.024 476.401
713.036 624.585
741.532 492.116
738.913 636.066
770.036 518.964
766.071 628.452
801.673 560.532
-1 -1
827.001 559.002
-1 -1
841.9 546.011
842.783 436.26
859.063 560.964
844.513 410.082
878.657 596.304
872.187 444.086
871.478 631.064
878.96 485.562
837.66 649.096
860.905 510.315
793.712 640.9
826 509.38
-1 -1
-1 -1
651.324 574.153
-1 -1
-1 -1
705.459 441.942
-1 -1
690.406 402.17
-1 -1
688.113 384.864
-1 -1
716.023 418.119
689.171 337.781
753.107 469.479
779.803 346.035
-1 -1
-1 -1
-1 -1
-1 -1
-1 -1
936.042 409.501
-1 -1
968.776 433.439
-1 -1
983.44 473.552
-1 -1
1004.14 519.383
-1 -1
1035.48 563.073
-1 -1
1066 594.596
-1 -1
1107.52 607.112
-1 -1
1168.56 608.948
1290.97 543.983
1228.11 585.47
1328.65 488.008
1275.04 548.423
1311.21 413.386
1301.52 489.098
1264.83 368.375
1316.44 440.867
1251.03 348.506
1348.83 381.572
1254.1 338.475
1352.09 307.4
1250.06 307.504
1341.32 238.853
1239.43 296.061
1313.9 203.488
1227.12 300.591
1264.32 189.961
1209.54 321.059
1221.01 214.487
1184.53 352.853
1182.54 269.938
1155.39 408.042
1147.43 337.878
1143.81 475.586
1138.49 404.221
1166.63 537.308
1148.59 461.509
-1 -1
1169.05 494.999
-1 -1
1191.04 500.052
-1 -1
1222.98 470.008
-1 -1
1264.91 439.009
1239.36 283.044
1284.99 424.001
1212.76 309.729
1272.08 426.937
-1 -1
1237.04 469.943
1143.19 455.811
1211.42 521.992
-1 -1
1177.45 526.136
1094.61 499.689
1129.45 492.08
-1 -1
1070 442.789
-1 -1
1011.09 371.946
-1 -1
975.553 321.531
969.476 432.75
943.732 281.404
931.759 389.214
911.957 250.96
894.236 354.22
874.303 260.423
849.748 334.801
844.175 301.481
-1 -1
832.379 345.95
-1 -1
815.422 330.968
-1 -1
800.477 371.853
-1 -1
784.573 397.987
833.743 503.505
763.132 416.555
826.573 516.926
744.212 445.199
823.996 522.772
750.8 487.601
-1 -1
778.724 507.603
851.222 506.112
819.764 521.586
871.723 476.182
863.357 518.295
-1 -1
899.669 501.595
913.169 401.14
927.718 480.928
924.344 362.034
923.678 449.978
911.813 320.464
874.509 400.858
889.562 280.023
815.614 312.06
868.466 227.028
-1 -1
-1 -1
-1 -1
-1 -1
-1 -1
-1 -1
-1 -1
815.556 339.752
813.201 260.372
797.505 379.283
794.126 298.996
790.485 390.621
793.385 301.925
-1 -1
802.537 272.919
-1 -1
802.478 260.812
-1 -1
803.827 275.078
-1 -1
817.064 290.347
-1 -1
841.997 315.302
-1 -1
876.381 385.999
-1 -1
934.642 465.042
-1 -1
998.141 516.395
-1 -1
1051.6 537.034
-1 -1
1062.54 532.048
1071.32 643.89
1034.1 502.481
1084.13 629.367
969.117 481.544
1082.46 574.952
911.916 493.371
1039.82 537.236
867.626 495.86
-1 -1
839.664 507.065
943.518 576.413
816.023 509.993
-1 -1
788.381 480.495
-1 -1
756.443 441.429
825.395 530.292
747.311 407.238
-1 -1
748.323 400.513
725.507 470.002
732.012 399.037
-1 -1
713.075 391.988
-1 -1
715.023 392.456
638.075 399.371
736.508 391.65
-1 -1
769.136 410.002
-1 -1
808.023 443.197
-1 -1
846.128 496.853
-1 -1
883.901 535.204
-1 -1
-1 -1
-1 -1
969.003 463.052
869.091 509.264
951.97 400.981
907.584 502.741
934.825 365.876
894.612 473.361
885.459 347.217
875.699 459.095
847.486 370.845
-1 -1
798.576 422.415
-1 -1
740.42 470.242
-1 -1
687.042 498.623
-1 -1
655.56 482.516
-1 -1
647.015 443.834
-1 -1
654.395 366.065
-1 -1
-1 -1
-1 -1
-1 -1
-1 -1
-1 -1
-1 -1
-1 -1
-1 -1
-1 -1
-1 -1
-1 -1
-1 -1
772.358 478.426
-1 -1
740.021 501.075
738.265 384.687
706.234 481.861
711.73 369.637
678.469 413.533
-1 -1
639.294 304.982
-1 -1
-1 -1
-1 -1
-1 -1
-1 -1
-1 -1
-1 -1
-1 -1
-1 -1
735.825 284.639
-1 -1
766.469 353.008
-1 -1
796.96 425.271
-1 -1
825.02 478.808
-1 -1
848.95 518.96
-1 -1
876.913 531.201
855.409 681.423
909.046 518.023
920.044 680.207
920.045 525.102
-1 -1
952.849 532.737
-1 -1
973.108 479.022
-1 -1
972.987 397.019
-1 -1
956.502 301.973
-1 -1
923.967 219.152
-1 -1
883.865 148.881
-1 -1
834.722 139.857
-1 -1
-1 -1
-1 -1
-1 -1
-1 -1
794.494 338.988
-1 -1
-1 -1
-1 -1
-1 -1
630.609 500.43
751.259 584.577
-1 -1
723.808 607.431
-1 -1
755.414 589.322
-1 -1
826.181 556.148
-1 -1
906.337 519.977
-1 -1
994.163 525.887
1114.84 437.448
1069.52 551.078
1167.95 439.799
1094.98 543.654
1220.66 485.624
1135.14 587.484
1254.26 516.07
1166.58 635.102
-1 -1
1197.45 686.843
1306.82 622.174
1228.54 712.988
1316.81 632.436
1228.94 721.387
1297.5 626.499
1181.56 693.95
-1 -1
1139.96 637.997
1201.99 575.572
1139.54 560.174
-1 -1
1159.05 461.861
-1 -1
1193.61 392.899
-1 -1
1210.03 362.747
-1 -1
1201.46 409.435
-1 -1
1214.18 470.942
1237.55 587.933
1238.5 505.06
-1 -1
1244.57 527.896
1273.24 630.809
1254 527.43
-1 -1
1277.88 494.421
-1 -1
1309.02 476.905
-1 -1
1331.07 477.051
1261.91 536.522
1323.91 502.945
-1 -1
1302.97 521.059
1248.85 592.348
1296.49 555.126
-1 -1
1276.55 594.972
1185.16 573.818
1233.81 617.901
1140.6 541.275
1193.1 603.132
1107.19 514.51
1147.31 585.005
1084.62 475.869
1084.46 546.522
1080.4 438.418
1023.89 479.422
-1 -1
1002.93 423.177
-1 -1
1015.98 362.584
-1 -1
1060.8 305.419
1082.15 169.555
1106.4 265.873
-1 -1
1125.63 235.455
-1 -1
1103.17 226.436
992.3 292.422
1082.41 303.954
966.566 342.975
1050 376.916
940.203 407.23
1010.51 453.488
898.75 440.558
998.435 477.192
887.114 459.695
980.646 491.562
873.129 483.777
940.442 500.298
-1 -1
889.548 498.386
786.619 470.761
857.322 485.813
-1 -1
843.684 458.937
751.891 394.199
814.044 431.032
746.007 340.658
755.127 389.518
-1 -1
739.715 342.587
-1 -1
751.653 294.964
-1 -1
790.378 261.541
-1 -1
849.997 259.991
-1 -1
933.464 272.517
-1 -1
1000.55 275.436
-1 -1
1026.05 263.687
972.688 329.192
1021.35 289.663
985.525 378.819
993.297 339.562
-1 -1
957.34 389.043
-1 -1
922.578 411.348
-1 -1
872.507 440.254
-1 -1
809.108 465.867
-1 -1
743.16 474.476
-1 -1
683.498 478.87
-1 -1
639.064 485.015
-1 -1
606.352 500.85
-1 -1
-1 -1
-1 -1
-1 -1
-1 -1
-1 -1
-1 -1
-1 -1
-1 -1
-1 -1
-1 -1
-1 -1
-1 -1
-1 -1
-1 -1
-1 -1
-1 -1
702.451 383.866
-1 -1
696.54 462.691
-1 -1
677.658 501.164
654.239 401.194
663.023 478.005
-1 -1
655.011 421.048
-1 -1
640.001 359.97
-1 -1
-1 -1
-1 -1
667.289 345.625
-1 -1
700.244 427.578
-1 -1
729.908 525.397
-1 -1
754.451 608.05
-1 -1
764.163 676.465
-1 -1
781.94 707.599
-1 -1
824.531 711.054
-1 -1
-1 -1
-1 -1
865.653 460.035
-1 -1
850.04 376.9
-1 -1
856.663 386.197
-1 -1
873.047 445.986
-1 -1
882.906 536.058
-1 -1
-1 -1
978.258 633.753
801.974 654.438
-1 -1
715.423 625.818
847.579 643.024
-1 -1
-1 -1
-1 -1
708.125 527.378
-1 -1
671.855 476.555
-1 -1
-1 -1
725.044 368.959
-1 -1
849.842 411.171
-1 -1
954.993 449.912
-1 -1
1037 468.088
1164.45 563.379
1113 438.017
-1 -1
1146.97 394.993
-1 -1
1141.06 332.957
-1 -1
1089.38 268.317
-1 -1
997.464 286.018
-1 -1
-1 -1
-1 -1
843.097 433.999
-1 -1
816.364 518.928
-1 -1
836.062 583.44
-1 -1
890.614 623.778
-1 -1
964.041 643.532
-1 -1
1030.89 636.339
-1 -1
1090.56 590.044
-1 -1
1156.56 552.94
-1 -1
1223.06 518.44
-1 -1
1270.46 501.497
-1 -1
1282.09 505.963
-1 -1
1250.37 524.02
-1 -1
1188.5 560.147
-1 -1
1128.22 620.968
-1 -1
1079.1 664.738
-1 -1
1052.98 698.367
-1 -1
-1 -1
-1 -1
1052.64 657.971
-1 -1
1111.91 636.956
1125.98 716.522
1170.02 602.949
-1 -1
1190.04 499.981
1175.51 625.381
1204.05 407.002
1178.93 543.437
1221.09 330.012
1184.43 466.598
1222.49 285.584
1188.35 428.874
1204.9 309.997
1182.97 452.891
1173.46 380.057
1176.41 517.122
1153.37 451.913
1186.07 579.615
1145.88 501.516
1192.1 621.581
1161.91 524.51
1215.31 642.981
1210.97 532.448
-1 -1
1308.48 520.026
-1 -1
-1 -1
-1 -1
1491.97 496.903
-1 -1
1524.04 516.009
-1 -1
1488.21 548.084
-1 -1
1369.48 584.966
-1 -1
-1 -1
-1 -1
-1 -1
-1 -1
1012.43 534
-1 -1
-1 -1
-1 -1
-1 -1
-1 -1
851.377 286.968
-1 -1
-1 -1
-1 -1
-1 -1
-1 -1
-1 -1
-1 -1
-1 -1
-1 -1
-1 -1
-1 -1
789.228 270.039
-1 -1
820.548 296.483
-1 -1
879.417 305.559
-1 -1
950.012 312.637
-1 -1
1003.85 320.662
890.466 319.482
1031.01 330.915
-1 -1
1041.57 313.683
-1 -1
1028.29 277.859
985.324 383.887
994.456 278.519
1025.34 382.083
989.188 295.345
1028.12 389.002
985.374 300.571
1009.87 398.513
966.27 305.64
997.696 393.75
950.451 326.562
-1 -1
943.241 348.511
985.036 405.728
922.099 378.104
-1 -1
874.169 421.949
-1 -1
822.451 451.383
-1 -1
776.858 458.157
754.982 553.176
739.596 450.331
686.906 552.838
700.345 427.514
-1 -1
669.284 408.048
-1 -1
657.984 387.01
-1 -1
-1 -1
-1 -1
-1 -1
-1 -1
-1 -1
-1 -1
-1 -1
-1 -1
-1 -1
-1 -1
-1 -1
-1 -1
-1 -1
-1 -1
-1 -1
-1 -1
-1 -1
-1 -1
685.42 355.011
-1 -1
678.568 447.909
-1 -1
666.471 488.456
-1 -1
659.244 488.503
678.608 402.615
638.23 438.146
-1 -1
605.541 371.765
661.968 367.25
574.017 316.964
-1 -1
-1 -1
-1 -1
-1 -1
-1 -1
-1 -1
-1 -1
-1 -1
-1 -1
738.074 424.571
-1 -1
763.722 479.96
-1 -1
790.514 532.961
-1 -1
816.173 567.32
868.518 629.223
844.291 572.906
-1 -1
882.482 559.94
933.776 484.892
942.98 539.977
944.02 394.042
998.988 483.947
949.584 324.188
1036.1 418.73
962.982 262.288
1062.01 350.318
956.543 219.897
1055.94 297.017
931.943 188.654
1030.01 260.136
890.026 192.43
